1. Float32[-449.3876, 2389.7695, -1.4319228]
   Float32[109.53326, 1127.5927]
 
2. Float32[-158.10312, 3713.833, -0.3737762]
   Float32[136.57913, 1819.1501]
 
3. Float32[467.7802, 1354.3975, -0.013556123]
   Float32[143.1687, 782.65576]
 
4. Float32[230.99963, 4211.1655, -1.3127348]
   Float32[195.68594, 2172.3455]
 
5. Float32[-129.61041, 2396.3428, -0.48621392]
   Float32[148.67514, 1164.6493]
 
6. Float32[247.84662, 3719.9604, -1.2870806]
   Float32[193.43646, 1930.3241]
 
7. Float32[-50.165405, 2984.1602, -0.11974192]
   Float32[106.40878, 1472.8191]
 
8. Float32[354.63885, 4486.293, -0.25363863]
   Float32[242.04263, 2332.3992]
 
9. Float32[289.0056, 3025.3367, -0.5901947]
   Float32[216.20874, 1577.9031]
 
10. Float32[311.88873, 2786.396, -1.7000493]
   Float32[207.37642, 1443.6536]
 
11. Float32[-423.27274, 3934.1514, -0.013185263]
   Float32[185.53394, 1866.467]
 
12. Float32[76.91522, 744.6032, -1.928195]
   Float32[90.24089, 410.2547]
 
13. Float32[95.34265, 4194.6514, -1.1102518]
   Float32[250.23694, 2134.5676]
 
14. Float32[-82.02188, 2905.6118, -1.8672745]
   Float32[149.614, 1448.0144]
 
15. Float32[-146.65823, 3270.1404, -0.33553314]
   Float32[180.18259, 1626.1279]
 
16. Float32[182.50824, 935.63367, -1.3326614]
   Float32[86.273445, 506.47647]
 
17. Float32[-30.598297, 1781.1587, -0.2698325]
   Float32[113.44613, 869.32117]
 
18. Float32[273.25055, 2713.0288, -1.4428794]
   Float32[121.13602, 1390.6807]
 
19. Float32[167.93152, 1102.6146, -0.9918543]
   Float32[68.272766, 580.8226]
 
20. Float32[328.55273, 4533.016, -1.8404137]
   Float32[280.07428, 2318.7778]
 
21. Float32[-271.8183, 2283.4592, -1.6177946]
   Float32[65.07388, 1063.6785]
 
22. Float32[-185.48615, -99.843834, -0.97342503]
   Float32[-54.37571, -73.88942]
 
23. Float32[-250.2483, 4574.875, -1.4810885]
   Float32[180.36014, 2236.5432]
 
24. Float32[-432.57672, 2609.2556, -0.40669167]
   Float32[55.976395, 1220.491]
 
25. Float32[-49.015656, 410.3576, -1.4329231]
   Float32[53.743073, 216.17764]
 
26. Float32[-428.91348, 3082.1143, -1.4993279]
   Float32[94.53255, 1470.6492]
 
27. Float32[-329.0851, 2125.0647, -0.6492115]
   Float32[44.01763, 1020.132]
 
28. Float32[10.83194, 2330.7483, -1.0004642]
   Float32[151.90317, 1172.3699]
 
29. Float32[329.57013, 3117.36, -1.5461669]
   Float32[190.61046, 1610.5104]
 
30. Float32[201.35254, 1954.021, -1.3476728]
   Float32[75.532104, 1011.7033]
 
31. Float32[-15.258423, 2047.8203, -1.1031964]
   Float32[70.33896, 1020.8004]
 
32. Float32[-468.4991, 2880.6802, -1.8718351]
   Float32[103.120514, 1357.3281]
 
33. Float32[-369.05145, 1027.9926, -1.7204198]
   Float32[-28.181011, 435.54254]
 
34. Float32[188.50891, 718.8969, -1.7284216]
   Float32[69.15689, 379.73984]
 
35. Float32[308.59808, 4685.31, -1.431729]
   Float32[303.49612, 2385.4324]
 
36. Float32[-2.4016418, 428.7561, -1.0823989]
   Float32[56.903214, 214.48666]
 
37. Float32[-255.08284, -38.668015, -1.2969983]
   Float32[-52.800774, -72.77852]
 
38. Float32[-49.40921, 2570.7153, -1.5899476]
   Float32[106.080795, 1290.5116]
 
39. Float32[-100.65378, 4463.7627, -1.8977734]
   Float32[259.1563, 2224.2275]
 
40. Float32[422.365, 3343.8167, -0.49003446]
   Float32[187.4242, 1765.6144]
 
41. Float32[93.16803, 231.06268, -0.91147935]
   Float32[56.91063, 153.25363]
 
42. Float32[-240.9773, 4602.307, -1.8494623]
   Float32[232.70837, 2255.6262]
 
43. Float32[-279.69452, 789.21246, -1.776541]
   Float32[37.692993, 350.89883]
 
44. Float32[-340.96127, 507.48877, -0.3533789]
   Float32[-15.071062, 174.8773]
 
45. Float32[-363.00177, 4702.5938, -0.6847836]
   Float32[221.09079, 2262.3823]
 
46. Float32[320.40143, 4138.3755, -1.4895196]
   Float32[200.00012, 2126.9275]
 
47. Float32[-230.12125, 1583.352, -0.8154781]
   Float32[60.7147, 728.39496]
 
48. Float32[-227.01907, 1501.9764, -0.2241236]
   Float32[65.04098, 689.4229]
 
49. Float32[-288.47412, 2211.3625, -1.8852644]
   Float32[76.25613, 1044.6095]
 
50. Float32[-478.91534, 307.77533, -1.7823402]
   Float32[-38.8087, 62.73687]
 
51. Float32[239.17023, 461.0603, -0.9332255]
   Float32[10.899796, 266.07462]
 
52. Float32[284.02863, 337.6027, -1.3958144]
   Float32[30.011059, 232.96841]
 
53. Float32[-270.33734, 2829.8364, -1.7436792]
   Float32[118.20098, 1368.1445]
 
54. Float32[-497.91556, 3060.8147, -1.2488915]
   Float32[107.39247, 1448.2058]
 
55. Float32[-281.62598, 3532.4763, -1.9861535]
   Float32[196.50743, 1709.6086]
 
56. Float32[-341.91, 389.36664, -0.13181567]
   Float32[20.985203, 145.28491]
 
57. Float32[-355.41885, 1902.1343, -1.2378284]
   Float32[28.068268, 855.5577]
 
58. Float32[-16.922699, 324.9704, -0.9169167]
   Float32[-8.238574, 181.34944]
 
59. Float32[394.62207, 4752.322, -0.86857045]
   Float32[259.56677, 2441.2046]
 
60. Float32[-52.93631, 2005.803, -0.7046095]
   Float32[103.81972, 1006.9921]
 
61. Float32[469.96082, 3990.8271, -1.6027689]
   Float32[262.42236, 2111.2305]
 
62. Float32[-363.0079, 1018.2073, -0.990497]
   Float32[32.02852, 449.06314]
 
63. Float32[-97.81946, 471.5957, -0.05339873]
   Float32[-12.596538, 194.87068]
 
64. Float32[382.99054, 924.9242, -0.3786571]
   Float32[45.98087, 540.15247]
 
65. Float32[425.63745, 4731.484, -1.4220303]
   Float32[292.78665, 2437.789]
 
66. Float32[327.88672, 4109.087, -1.8511146]
   Float32[224.7779, 2095.5427]
 
67. Float32[-153.1459, -58.489834, -1.5638213]
   Float32[6.355036, -55.175037]
 
68. Float32[-221.48215, 2165.0522, -0.12834191]
   Float32[69.74065, 1018.18146]
 
69. Float32[302.96716, 1088.8156, -1.326571]
   Float32[124.52078, 580.8519]
 
70. Float32[-361.45383, 4316.6523, -0.51322377]
   Float32[142.66014, 2089.364]
 
71. Float32[447.85242, 2527.0337, -0.20103884]
   Float32[123.85706, 1363.8728]
 
72. Float32[318.9154, 4306.553, -1.1216618]
   Float32[252.50813, 2238.5981]
 
73. Float32[285.74725, 2980.5334, -0.16155267]
   Float32[192.58649, 1538.7452]
 
74. Float32[265.24847, 3355.731, -1.6523199]
   Float32[173.50087, 1710.6589]
 
75. Float32[485.71893, 2240.3838, -0.9373491]
   Float32[159.33868, 1213.34]
 
76. Float32[493.30676, 4182.0405, -1.3712109]
   Float32[249.00235, 2167.4897]
 
77. Float32[-318.48026, 1716.1428, -1.9739203]
   Float32[15.676933, 816.95526]
 
78. Float32[466.4179, 3972.5862, -0.5305519]
   Float32[249.64714, 2100.3098]
 
79. Float32[58.529175, 1475.0194, -1.1878265]
   Float32[122.200485, 732.7518]
 
80. Float32[-110.24393, 689.05194, -0.63551366]
   Float32[65.847855, 300.61353]
 
81. Float32[382.87616, 1498.9908, -0.3085754]
   Float32[90.4198, 848.1855]
 
82. Float32[-402.28705, 3624.4878, -1.3862711]
   Float32[91.17552, 1733.8627]
 
83. Float32[274.69006, 1049.1874, -1.6492696]
   Float32[94.75776, 589.6187]
 
84. Float32[-199.55243, 3732.8372, -0.27247632]
   Float32[150.76093, 1831.0677]
 
85. Float32[-33.279175, 1459.6112, -0.5656924]
   Float32[96.76962, 724.1285]
 
86. Float32[244.04541, 3587.0068, -1.707887]
   Float32[169.79407, 1827.7106]
 
87. Float32[333.40955, 4831.836, -0.09473503]
   Float32[303.3226, 2466.6853]
 
88. Float32[155.57666, 2015.6765, -0.5116967]
   Float32[87.512764, 1051.2458]
 
89. Float32[416.62964, 1078.4863, -0.6739484]
   Float32[98.48683, 618.23267]
 
90. Float32[-120.55789, 684.45197, -1.2701424]
   Float32[0.00047302246, 322.55142]
 
91. Float32[-52.713806, 3487.9365, -0.29064488]
   Float32[175.79697, 1736.038]
 
92. Float32[457.55597, 2448.2341, -1.0797272]
   Float32[137.82687, 1313.9977]
 
93. Float32[452.79138, 3111.9373, -1.3568184]
   Float32[203.67967, 1643.6996]
 
94. Float32[-339.46866, 4414.554, -0.8028648]
   Float32[191.22675, 2128.9548]
 
95. Float32[387.2943, 2321.772, -1.7969385]
   Float32[161.62909, 1226.9825]
 
96. Float32[-173.80786, 525.18506, -0.235134]
   Float32[-15.6758995, 217.22447]
 
97. Float32[-204.99963, 1432.2303, -0.046505332]
   Float32[56.982, 679.65643]
 
98. Float32[218.66699, 3358.181, -1.0652175]
   Float32[235.24716, 1706.6742]
 
99. Float32[223.14844, 4630.8755, -0.6240245]
   Float32[236.0787, 2372.3992]
 
100. Float32[244.19415, 3085.1045, -1.1344825]
   Float32[211.17027, 1581.2537]
 
101. Float32[297.03192, -56.750572, -1.4677056]
   Float32[2.1452026, 26.641087]
 
102. Float32[-444.38797, 3650.4736, -0.33600342]
   Float32[153.07117, 1741.1039]
 
103. Float32[-459.99097, 2166.782, -1.6369582]
   Float32[33.87162, 992.9165]
 
104. Float32[-173.44366, 1764.9462, -1.9444128]
   Float32[34.60811, 861.29504]
 
105. Float32[51.422363, 1498.2819, -0.66402984]
   Float32[114.19023, 762.56964]
 
106. Float32[21.553833, 3678.6199, -0.57158244]
   Float32[158.58176, 1836.6218]
 
107. Float32[50.70703, 2994.2322, -1.6041044]
   Float32[103.676796, 1488.3489]
 
108. Float32[304.58215, 1929.45, -1.985278]
   Float32[83.16318, 1015.2501]
 
109. Float32[459.28406, 3057.659, -0.05296731]
   Float32[199.22638, 1605.4031]
 
110. Float32[-406.91052, 3137.4055, -1.3406645]
   Float32[74.81284, 1484.6989]
 
111. Float32[-406.13406, 3356.0117, -1.6584957]
   Float32[137.1994, 1603.9459]
 
112. Float32[0.83566284, 315.33203, -1.5627737]
   Float32[-26.03614, 140.97812]
 
113. Float32[265.51508, 4622.639, -1.8738327]
   Float32[218.03241, 2357.1624]
 
114. Float32[-396.3598, 4267.8154, -0.68523693]
   Float32[186.8898, 2071.7607]
 
115. Float32[-400.11884, 4342.989, -1.1811512]
   Float32[190.24304, 2115.0168]
 
116. Float32[468.28583, 4287.918, -1.6909344]
   Float32[251.95715, 2234.3804]
 
117. Float32[168.13281, 159.82916, -0.27827883]
   Float32[14.644047, 115.627]
 
118. Float32[-32.71805, 689.2275, -1.6594094]
   Float32[9.214886, 316.38263]
 
119. Float32[-181.77777, -5.701874, -0.66634905]
   Float32[-44.662773, -16.832508]
 
120. Float32[-233.26212, 506.75293, -1.273071]
   Float32[5.821134, 202.78691]
 
121. Float32[158.30463, 3091.8665, -0.14606464]
   Float32[125.55402, 1576.6733]
 
122. Float32[-277.6134, 1009.5863, -0.3667016]
   Float32[34.438236, 446.79147]
 
123. Float32[208.04803, 4126.4727, -1.6122469]
   Float32[247.13152, 2102.8992]
 
124. Float32[493.75037, 4282.1636, -0.25490737]
   Float32[273.6498, 2226.2156]
 
125. Float32[-390.3225, 938.42224, -0.93521416]
   Float32[39.983025, 404.19272]
 
126. Float32[357.20142, 2677.927, -0.18805087]
   Float32[139.29971, 1390.0848]
 
127. Float32[-389.67957, 2343.551, -0.63599634]
   Float32[64.03922, 1115.3615]
 
128. Float32[314.35254, 4487.914, -1.9682956]
   Float32[223.57408, 2326.3567]
 
129. Float32[127.44269, 517.0532, -0.26369596]
   Float32[28.316574, 308.24973]
 
130. Float32[211.4497, 1828.6799, -1.7676375]
   Float32[116.45241, 970.6286]
 
131. Float32[-50.045715, 1706.3303, -0.81830907]
   Float32[55.44242, 859.3898]
 
132. Float32[-151.34097, 1192.1742, -0.08574951]
   Float32[52.980976, 546.842]
 
133. Float32[-247.19936, 2199.5696, -0.059995413]
   Float32[107.685196, 1042.9827]
 
134. Float32[27.01007, 1122.614, -1.5768071]
   Float32[26.216845, 564.1247]
 
135. Float32[355.87982, 3804.0964, -0.8026277]
   Float32[194.67134, 1972.6284]
 
136. Float32[359.95398, 2376.7495, -1.1313694]
   Float32[144.5646, 1261.5498]
 
137. Float32[186.6648, 1698.465, -0.36038995]
   Float32[98.792564, 864.3692]
 
138. Float32[-57.716858, 4226.7993, -1.7320434]
   Float32[186.93799, 2082.371]
 
139. Float32[-212.61554, 4261.457, -1.53867]
   Float32[213.27483, 2096.381]
 
140. Float32[210.32324, 4407.7144, -1.3695713]
   Float32[276.36844, 2227.7812]
 
141. Float32[66.426575, 2102.3765, -1.7697356]
   Float32[63.27972, 1068.2133]
 
142. Float32[-431.4784, 3165.1743, -1.754538]
   Float32[133.94327, 1490.8824]
 
143. Float32[3.5039673, 4058.5366, -1.2288733]
   Float32[219.17479, 2036.8694]
 
144. Float32[-193.15619, 3544.087, -1.2325604]
   Float32[123.4624, 1711.3766]
 
145. Float32[-138.85104, 2623.0386, -0.23085284]
   Float32[74.345184, 1268.3699]
 
146. Float32[-367.974, 2537.1577, -1.8756022]
   Float32[81.12607, 1170.6819]
 
147. Float32[208.24573, 3190.173, -0.34582973]
   Float32[182.1893, 1616.1306]
 
148. Float32[481.37817, 336.44458, -0.9773532]
   Float32[34.615334, 266.1458]
 
149. Float32[164.75018, 3627.1284, -0.98859715]
   Float32[204.7496, 1834.636]
 
150. Float32[-496.6138, 2704.5483, -0.9828528]
   Float32[64.99869, 1230.0369]
 
151. Float32[-391.58044, 1072.3793, -1.2834436]
   Float32[55.777836, 481.49838]
 
152. Float32[372.25336, 626.03046, -0.5056691]
   Float32[91.81281, 372.69406]
 
153. Float32[78.78949, 4373.6284, -0.015453935]
   Float32[252.4719, 2184.5693]
 
154. Float32[-426.17953, 2806.1914, -0.8001827]
   Float32[113.158195, 1305.976]
 
155. Float32[-222.38928, 2358.743, -1.2838094]
   Float32[51.77059, 1118.2394]
 
156. Float32[2.304718, 3708.235, -0.06176853]
   Float32[157.08295, 1847.4968]
 
157. Float32[444.5882, 2709.0688, -1.5429801]
   Float32[204.53622, 1449.2351]
 
158. Float32[303.97778, 2336.6921, -0.25494444]
   Float32[123.57201, 1228.3069]
 
159. Float32[382.06464, 1910.9823, -1.3580402]
   Float32[168.85565, 1039.9806]
 
160. Float32[-54.111115, 4565.728, -0.4075576]
   Float32[248.13928, 2248.7249]
 
161. Float32[-334.44608, 236.77011, -0.8929485]
   Float32[-62.39317, 32.766277]
 
162. Float32[-479.4711, 2306.6768, -1.9607977]
   Float32[100.97311, 1048.9244]
 
163. Float32[-268.11945, 1681.0846, -1.7130105]
   Float32[7.055603, 798.0386]
 
164. Float32[-315.4143, 4205.0293, -1.2818558]
   Float32[205.1679, 2028.4254]
 
165. Float32[57.13849, 1759.7751, -0.4973204]
   Float32[50.090626, 914.5297]
 
166. Float32[318.26288, 19.589272, -1.5026473]
   Float32[67.98934, 89.40061]
 
167. Float32[107.90411, 4000.624, -0.071290374]
   Float32[188.76984, 2009.0316]
 
168. Float32[-5.5274353, 4212.5635, -1.4949975]
   Float32[226.43994, 2120.9512]
 
169. Float32[435.25934, 4399.0796, -0.89012945]
   Float32[224.90778, 2284.9688]
 
170. Float32[-403.43564, 2664.5117, -0.8940407]
   Float32[78.08266, 1271.9111]
 
171. Float32[319.79248, 446.59454, -0.89424074]
   Float32[57.824326, 271.81683]
 
172. Float32[300.58838, 1900.7268, -1.0364863]
   Float32[134.52977, 1031.5424]
 
173. Float32[89.90253, 174.82986, -0.32110155]
   Float32[-15.822069, 86.996216]
 
174. Float32[313.12817, 4534.874, -1.3026488]
   Float32[299.38712, 2342.5562]
 
175. Float32[-88.7124, 4776.851, -1.2044655]
   Float32[179.99919, 2367.1926]
 
176. Float32[-21.04367, 4105.211, -0.5017371]
   Float32[153.70609, 2025.2594]
 
177. Float32[55.962585, 3018.2507, -1.4171318]
   Float32[149.49995, 1499.4299]
 
178. Float32[364.7375, 756.0118, -0.1956011]
   Float32[56.601772, 459.53595]
 
179. Float32[427.5174, 4898.6274, -0.29780984]
   Float32[258.12732, 2520.3438]
 
180. Float32[340.12482, 1168.349, -1.3882325]
   Float32[93.143616, 628.8719]
 
181. Float32[327.56525, -90.19861, -1.7413759]
   Float32[9.68531, 30.343527]
 
182. Float32[261.53943, 3239.9636, -1.1650184]
   Float32[157.4592, 1648.234]
 
183. Float32[-271.23535, 2774.6414, -1.5278537]
   Float32[108.45561, 1314.6432]
 
184. Float32[-20.110535, 4094.1914, -0.77978086]
   Float32[245.56808, 2039.9172]
 
185. Float32[-239.91376, 2874.726, -1.054458]
   Float32[128.91324, 1375.6252]
 
186. Float32[-163.02573, 3577.9297, -1.5973467]
   Float32[150.46094, 1771.0198]
 
187. Float32[-142.09341, 3010.5066, -1.1478631]
   Float32[180.96071, 1466.5426]
 
188. Float32[368.2517, 3706.4448, -1.7330508]
   Float32[247.03378, 1938.558]
 
189. Float32[492.95135, 485.68182, -0.86625636]
   Float32[109.79086, 329.26123]
 
190. Float32[138.35706, 1445.5824, -1.7639358]
   Float32[106.83471, 731.53107]
 
191. Float32[293.28064, 3055.8665, -0.54977536]
   Float32[170.4734, 1567.7122]
 
192. Float32[-386.03592, 509.9126, -1.974714]
   Float32[-44.323853, 188.97957]
 
193. Float32[-373.11346, 2186.1133, -0.7437564]
   Float32[64.06184, 1021.36676]
 
194. Float32[142.27386, -18.233154, -1.7073655]
   Float32[-25.233335, 10.616369]
 
195. Float32[319.12335, 3755.5034, -1.0633099]
   Float32[227.9549, 1918.2324]
 
196. Float32[110.19519, 2011.134, -0.39874995]
   Float32[72.06859, 1004.7086]
 
197. Float32[-14.059784, 2155.185, -1.5084203]
   Float32[99.82823, 1088.7047]
 
198. Float32[-348.399, 3661.2236, -0.33817124]
   Float32[131.9669, 1760.8538]
 
199. Float32[147.91187, 2994.5234, -0.07256806]
   Float32[177.37097, 1536.9011]
 
200. Float32[-220.18839, 1231.0698, -0.49180222]
   Float32[12.342974, 573.5349]
 
201. Float32[436.25555, 4612.4736, -0.40924907]
   Float32[280.06396, 2397.2598]
 
202. Float32[-174.2316, 2472.464, -0.6785295]
   Float32[108.92232, 1210.7596]
 
203. Float32[147.92108, -22.429916, -0.7611116]
   Float32[-23.415524, 41.713577]
 
204. Float32[2.1479797, 371.68314, -0.2948166]
   Float32[43.911186, 191.881]
 
205. Float32[-318.4466, 2617.8188, -0.42959237]
   Float32[60.052376, 1260.789]
 
206. Float32[-47.76477, 628.34906, -0.95649636]
   Float32[27.130253, 299.46927]
 
207. Float32[464.7199, 4166.545, -0.86997795]
   Float32[303.1106, 2169.5652]
 
208. Float32[104.906494, 1003.47217, -0.01200068]
   Float32[35.201263, 526.60266]
 
209. Float32[-229.2373, 2256.6367, -1.4390476]
   Float32[87.2186, 1087.0776]
 
210. Float32[-31.136047, 74.11977, -1.2323008]
   Float32[-9.3644085, 27.3641]
 
211. Float32[-342.4651, 1309.7306, -0.6214596]
   Float32[2.1876354, 595.4491]
 
212. Float32[417.48328, 3368.0015, -1.5976151]
   Float32[179.85255, 1761.1963]
 
213. Float32[84.35834, 3996.7715, -1.6405522]
   Float32[181.07031, 2029.6759]
 
214. Float32[83.251465, 221.50507, -0.28805172]
   Float32[26.344126, 106.49028]
 
215. Float32[77.91168, 1322.964, -0.28554368]
   Float32[108.11027, 697.94556]
 
216. Float32[-166.52591, 678.1577, -0.98415697]
   Float32[-22.337406, 315.24722]
 
217. Float32[-313.99713, 3148.5781, -1.0908026]
   Float32[130.41347, 1510.5251]
 
218. Float32[30.480896, 2390.438, -1.1956521]
   Float32[130.3315, 1215.7314]
 
219. Float32[-289.68506, 3969.0056, -0.10758579]
   Float32[142.5805, 1926.8875]
 
220. Float32[380.80316, 318.06937, -0.5879712]
   Float32[76.412155, 210.97385]
 
221. Float32[307.90668, 2877.9265, -0.27977574]
   Float32[182.52098, 1517.2448]
 
222. Float32[256.8614, 816.9343, -0.7282028]
   Float32[35.89235, 475.31976]
 
223. Float32[496.2199, 4716.941, -0.8949951]
   Float32[265.38077, 2435.5674]
 
224. Float32[155.93707, 4764.334, -1.1196675]
   Float32[219.09555, 2404.747]
 
225. Float32[-124.069824, 617.6402, -0.15457809]
   Float32[-4.0267544, 278.41702]
 
226. Float32[377.86633, -54.213203, -0.36618483]
   Float32[8.979467, 43.6436]
 
227. Float32[-343.92017, 2870.3425, -0.3559314]
   Float32[133.34244, 1388.4674]
 
228. Float32[294.8556, 2012.3025, -0.02619338]
   Float32[146.85428, 1055.8849]
 
229. Float32[-199.60822, 1244.4203, -1.9938909]
   Float32[4.680092, 597.1815]
 
230. Float32[333.0468, 2580.1897, -1.9642041]
   Float32[163.59091, 1362.162]
 
231. Float32[426.93463, 4175.4785, -1.628091]
   Float32[246.65852, 2183.4524]
 
232. Float32[-467.85153, 619.37354, -0.6103251]
   Float32[12.986046, 194.7501]
 
233. Float32[-337.97705, 4273.2886, -1.974896]
   Float32[140.83287, 2083.9375]
 
234. Float32[-474.33472, 1846.044, -1.2312503]
   Float32[57.97529, 825.31494]
 
235. Float32[191.90393, 767.1838, -0.31903267]
   Float32[21.370968, 416.5752]
 
236. Float32[-190.53119, 3174.302, -0.7735045]
   Float32[116.79494, 1537.1204]
 
237. Float32[-156.49081, 3996.5762, -1.4506779]
   Float32[185.57327, 1969.2001]
 
238. Float32[426.86145, 3269.799, -1.3794086]
   Float32[161.84515, 1710.061]
 
239. Float32[219.07983, 2398.3396, -0.35278606]
   Float32[126.11968, 1226.6349]
 
240. Float32[140.87463, 58.572205, -0.86576474]
   Float32[-24.261635, 53.133263]
 
241. Float32[-122.61737, 4839.4136, -0.4735638]
   Float32[217.09215, 2415.3726]
 
242. Float32[49.25409, 1700.3622, -0.82422614]
   Float32[124.41572, 841.63116]
 
243. Float32[96.07764, 858.3425, -1.2655365]
   Float32[34.89461, 439.3838]
 
244. Float32[176.53021, 3236.3816, -1.118383]
   Float32[199.31741, 1655.6796]
 
245. Float32[252.74548, 1484.5674, -0.035630465]
   Float32[107.44557, 780.32385]
 
246. Float32[-254.99188, 10.246834, -1.3676139]
   Float32[-66.53062, -65.341156]
 
247. Float32[-382.81427, 3888.2405, -0.047713876]
   Float32[157.1477, 1879.7283]
 
248. Float32[29.760254, 1981.8359, -1.3615689]
   Float32[54.721855, 986.4812]
 
249. Float32[-146.22473, 4711.4385, -0.6499237]
   Float32[227.98312, 2337.2336]
 
250. Float32[228.45221, 2472.1196, -1.1394231]
   Float32[171.71722, 1260.8033]
 
251. Float32[140.3565, 3581.1912, -0.4900062]
   Float32[217.63327, 1833.2156]
 
252. Float32[411.32324, 1830.0276, -0.026438594]
   Float32[145.2459, 973.1409]
 
253. Float32[233.9748, 999.46277, -0.9652823]
   Float32[55.40364, 532.6282]
 
254. Float32[-464.35873, 4657.0, -0.4626919]
   Float32[214.73683, 2240.517]
 
255. Float32[372.54706, 3248.9097, -1.7941216]
   Float32[202.8226, 1674.5173]
 
256. Float32[-64.35739, 2424.6155, -0.45267832]
   Float32[162.88373, 1222.9706]
 
257. Float32[17.466736, 2554.6914, -1.5388905]
   Float32[128.82742, 1273.3304]
 
258. Float32[100.29065, 4549.824, -1.5785041]
   Float32[219.07022, 2299.1958]
 
259. Float32[354.18335, 4233.882, -1.0661515]
   Float32[276.96304, 2189.5164]
 
260. Float32[-144.84625, 2449.896, -1.6837885]
   Float32[127.60293, 1198.0981]
 
261. Float32[63.976257, 4521.4307, -1.9081202]
   Float32[266.4121, 2261.3445]
 
262. Float32[-1.8237915, 3369.655, -1.1006886]
   Float32[175.14993, 1661.4221]
 
263. Float32[314.9104, 2011.3867, -1.740933]
   Float32[98.77612, 1091.631]
 
264. Float32[-130.79727, 3516.3298, -0.4442556]
   Float32[161.77626, 1749.1781]
 
265. Float32[367.80573, 1869.5365, -1.7693217]
   Float32[113.494835, 1029.1876]
 
266. Float32[-16.712433, 2382.7703, -0.83290946]
   Float32[129.93253, 1199.4985]
 
267. Float32[461.0641, 2920.736, -0.13183355]
   Float32[164.26474, 1543.5188]
 
268. Float32[320.68054, 1731.0547, -1.1681023]
   Float32[76.3278, 925.78375]
 
269. Float32[-317.54297, 996.9487, -1.872522]
   Float32[27.477657, 457.14474]
 
270. Float32[-54.222412, 207.12961, -0.24719787]
   Float32[51.62346, 71.08539]
 
271. Float32[194.3291, 209.25989, -0.4262768]
   Float32[60.80278, 142.93721]
 
272. Float32[-298.74365, 4714.9556, -1.8194555]
   Float32[241.92542, 2321.297]
 
273. Float32[-136.95932, 6.085541, -1.9129127]
   Float32[-59.28037, -30.900637]
 
274. Float32[-227.72116, 3837.66, -0.24474025]
   Float32[154.32356, 1894.8009]
 
275. Float32[332.52832, 742.7763, -0.8435117]
   Float32[22.196533, 417.77322]
 
276. Float32[2.2796326, 4000.3428, -0.95207584]
   Float32[227.57025, 2013.0568]
 
277. Float32[12.459473, 550.6666, -1.8173474]
   Float32[18.998577, 261.4735]
 
278. Float32[1.6343689, 1932.2869, -1.9725438]
   Float32[144.54044, 958.66425]
 
279. Float32[363.8405, 3832.8662, -1.8495569]
   Float32[186.19783, 1968.6802]
 
280. Float32[-282.73486, 2657.7996, -0.67284226]
   Float32[107.37442, 1267.7778]
 
281. Float32[-280.4939, 2333.751, -1.2566271]
   Float32[42.012806, 1117.8518]
 
282. Float32[361.18634, 2149.4329, -0.8296603]
   Float32[157.76358, 1163.9072]
 
283. Float32[474.53186, 3921.7744, -0.4619496]
   Float32[202.50873, 2055.2837]
 
284. Float32[304.83588, 1493.9498, -1.7761239]
   Float32[137.04726, 784.3697]
 
285. Float32[35.41693, 3014.9846, -0.79201365]
   Float32[125.76048, 1491.8203]
 
286. Float32[-440.01306, -97.76453, -1.849168]
   Float32[-84.46094, -118.634]
 
287. Float32[367.25812, 1707.3365, -1.1322055]
   Float32[106.17559, 920.8797]
 
288. Float32[361.76617, 1161.6748, -0.9286022]
   Float32[88.123634, 658.21954]
 
289. Float32[83.59412, 3688.2505, -1.5150421]
   Float32[213.27205, 1857.7484]
 
290. Float32[-202.62057, 1259.8016, -1.7742742]
   Float32[57.85261, 568.8857]
 
291. Float32[-244.35722, 4833.2256, -0.40158594]
   Float32[213.2858, 2350.5737]
 
292. Float32[450.94617, 3385.0679, -1.9687197]
   Float32[242.9216, 1802.0393]
 
293. Float32[3.8477783, 2777.7493, -1.0910009]
   Float32[119.25148, 1410.5544]
 
294. Float32[-378.2866, 1589.9791, -0.77711487]
   Float32[7.503456, 724.6231]
 
295. Float32[-320.6631, 1095.5693, -1.2850161]
   Float32[-15.377195, 482.0351]
 
296. Float32[-241.78476, 2811.6953, -1.5821048]
   Float32[150.23547, 1379.5205]
 
297. Float32[484.47235, 4064.2783, -0.18040478]
   Float32[255.6549, 2119.0098]
 
298. Float32[166.41394, 2708.2576, -0.60109425]
   Float32[104.90268, 1395.1223]
 
299. Float32[396.5965, 4506.702, -0.6402751]
   Float32[250.3933, 2352.02]
 
300. Float32[53.03192, 1924.9873, -0.29054058]
   Float32[59.914043, 977.3822]
 
301. Float32[-145.42578, 103.96411, -1.6779846]
   Float32[-50.405457, -2.2327137]
 
302. Float32[-202.49582, 2913.9695, -1.2014674]
   Float32[108.13356, 1430.7745]
 
303. Float32[185.25421, 1219.2811, -1.9658036]
   Float32[69.255554, 637.3914]
 
304. Float32[219.4779, 4629.2656, -1.1933147]
   Float32[241.75662, 2340.07]
 
305. Float32[287.36194, 1581.5415, -1.8785567]
   Float32[145.72816, 824.36194]
 
306. Float32[174.67706, 2514.3, -1.1590881]
   Float32[172.69334, 1274.3799]
 
307. Float32[334.29962, 4593.915, -1.9119279]
   Float32[274.9242, 2379.8748]
 
308. Float32[242.87762, 4867.978, -0.6020675]
   Float32[218.35681, 2459.291]
 
309. Float32[-264.15152, 360.58716, -1.086565]
   Float32[28.845871, 112.01372]
 
310. Float32[288.63495, 4125.3203, -0.6053903]
   Float32[243.43459, 2127.4763]
 
311. Float32[-262.75623, 1907.7705, -1.4556454]
   Float32[114.54943, 896.816]
 
312. Float32[422.034, 2000.9326, -1.230692]
   Float32[131.16075, 1075.2507]
 
313. Float32[-304.1086, 32.097305, -1.2884943]
   Float32[3.1756096, -43.07973]
 
314. Float32[-473.98395, 1662.2805, -1.6711067]
   Float32[25.108505, 734.87555]
 
315. Float32[-366.43463, 1664.7928, -0.4157691]
   Float32[59.76246, 759.12036]
 
316. Float32[-321.52472, 3129.4353, -0.3130294]
   Float32[92.566956, 1482.5795]
 
317. Float32[-224.96463, 2828.4307, -1.186367]
   Float32[132.95909, 1366.65]
 
318. Float32[200.26532, 4247.9365, -0.19811201]
   Float32[263.05972, 2139.9211]
 
319. Float32[43.578552, 1988.5378, -0.872218]
   Float32[76.69975, 1023.1971]
 
320. Float32[-485.44168, 2776.7622, -0.09459138]
   Float32[101.07904, 1278.8301]
 
321. Float32[334.49445, 2368.5903, -1.4711168]
   Float32[159.31682, 1269.851]
 
322. Float32[-243.08365, 252.24081, -0.8683349]
   Float32[-56.45849, 57.846405]
 
323. Float32[-411.46957, 1576.8423, -0.28285134]
   Float32[25.565758, 729.71655]
 
324. Float32[444.16992, 465.78937, -0.48019624]
   Float32[36.81683, 304.6945]
 
325. Float32[274.19794, 1190.3395, -1.230913]
   Float32[101.89973, 638.85297]
 
326. Float32[-339.93124, 1725.8909, -1.0340427]
   Float32[42.89525, 771.18823]
 
327. Float32[189.27686, -18.41108, -1.3266957]
   Float32[56.934704, 6.436348]
 
328. Float32[-94.48093, 4617.867, -0.034192562]
   Float32[176.36395, 2268.3728]
 
329. Float32[210.69458, 2396.828, -1.6393996]
   Float32[141.91226, 1231.8918]
 
330. Float32[436.96893, 1781.0537, -1.0534025]
   Float32[167.50224, 958.66724]
 
331. Float32[-52.04898, 181.61288, -0.48759234]
   Float32[19.585052, 61.555008]
 
332. Float32[17.160828, 896.2115, -1.9707438]
   Float32[76.919174, 448.2667]
 
333. Float32[-59.88629, 167.55869, -0.95603657]
   Float32[45.054966, 84.89567]
 
334. Float32[179.35577, 240.98746, -0.091418624]
   Float32[70.28262, 148.86641]
 
335. Float32[-256.86713, 1812.7911, -1.2694494]
   Float32[87.07716, 860.9711]
 
336. Float32[-411.70422, 3561.7546, -0.15578175]
   Float32[116.80463, 1680.1663]
 
337. Float32[-360.45856, 4803.6763, -1.8100215]
   Float32[183.50519, 2346.57]
 
338. Float32[-65.078094, 1560.786, -1.7300113]
   Float32[64.591484, 783.4944]
 
339. Float32[-381.92862, 2243.0862, -1.7856374]
   Float32[88.877914, 1028.9728]
 
340. Float32[105.11078, 4816.979, -1.993583]
   Float32[213.19843, 2425.9956]
 
341. Float32[-428.26694, 4560.991, -1.2720098]
   Float32[181.28775, 2215.579]
 
342. Float32[-180.85504, 3258.535, -0.5910944]
   Float32[99.88638, 1598.0238]
 
343. Float32[380.1399, 2943.4695, -1.9031111]
   Float32[194.13847, 1553.6172]
 
344. Float32[109.81116, 2315.5793, -0.6654967]
   Float32[126.791916, 1183.2075]
 
345. Float32[197.10535, 1723.7844, -0.3569342]
   Float32[120.902275, 911.05853]
 
346. Float32[449.75916, 4457.541, -1.8776559]
   Float32[245.35542, 2318.7358]
 
347. Float32[250.4815, 3182.6892, -0.7639656]
   Float32[181.17564, 1634.562]
 
348. Float32[231.92548, 4197.5264, -1.7827642]
   Float32[243.68393, 2160.0203]
 
349. Float32[-324.9989, 3244.0356, -1.8325887]
   Float32[87.97745, 1562.0155]
 
350. Float32[284.96564, 1248.286, -0.9112874]
   Float32[74.67604, 671.30176]
 
351. Float32[-475.3117, 3072.3376, -0.26643276]
   Float32[70.915886, 1442.5276]
 
352. Float32[220.59467, 1781.4087, -0.5647305]
   Float32[118.34782, 950.0126]
 
353. Float32[-230.87024, 2083.3218, -0.58102965]
   Float32[100.185, 978.9394]
 
354. Float32[168.96161, 525.52423, -1.2930715]
   Float32[-0.90439224, 311.82535]
 
355. Float32[225.99207, 239.6517, -0.40328836]
   Float32[31.574654, 188.84048]
 
356. Float32[-186.4469, 373.0448, -0.96243024]
   Float32[-1.1802074, 170.80933]
 
357. Float32[88.23724, 3118.38, -1.3527329]
   Float32[137.28688, 1585.5583]
 
358. Float32[438.93384, 4730.53, -1.1694303]
   Float32[303.82462, 2458.5613]
 
359. Float32[468.52344, 1493.0804, -0.7908629]
   Float32[139.31488, 851.8381]
 
360. Float32[244.97296, 4422.1997, -1.0252588]
   Float32[219.97739, 2238.0476]
 
361. Float32[-80.40805, 2488.3496, -0.3590151]
   Float32[109.50093, 1249.623]
 
362. Float32[-368.7735, 2021.7114, -0.80021906]
   Float32[90.50026, 959.7266]
 
363. Float32[116.80011, 643.3632, -1.7704731]
   Float32[61.69881, 362.74646]
 
364. Float32[-284.611, 3274.2876, -0.44391894]
   Float32[115.43669, 1569.7252]
 
365. Float32[-5.8294067, 45.87671, -0.42504108]
   Float32[29.64346, 6.614358]
 
366. Float32[-204.78958, 4249.1357, -1.4442832]
   Float32[204.30817, 2096.3916]
 
367. Float32[-420.1699, 2963.9019, -0.64830863]
   Float32[92.2262, 1383.4628]
 
368. Float32[-7.0186157, 4223.07, -0.72356236]
   Float32[176.26416, 2104.5896]
 
369. Float32[-268.5464, 4063.5522, -0.079028964]
   Float32[154.95929, 1961.0876]
 
370. Float32[-7.4364624, 2579.4019, -1.3273712]
   Float32[116.49524, 1284.9596]
 
371. Float32[113.45093, 3820.0813, -1.0675719]
   Float32[203.57619, 1920.6244]
 
372. Float32[-488.3214, 3927.4192, -1.9961185]
   Float32[170.69377, 1869.6992]
 
373. Float32[-275.6546, 2230.4434, -1.7060838]
   Float32[76.14199, 1069.4457]
 
374. Float32[110.78021, 538.02454, -1.2605048]
   Float32[-10.128571, 312.31595]
 
375. Float32[-0.3831482, 798.9996, -0.7147939]
   Float32[12.288181, 422.9019]
 
376. Float32[383.29102, 4135.4585, -0.48381352]
   Float32[264.086, 2128.9785]
 
377. Float32[-11.82843, 492.0866, -0.14054525]
   Float32[-3.7370281, 226.46529]
 
378. Float32[-372.73834, 532.5433, -1.1095407]
   Float32[19.74524, 205.8928]
 
379. Float32[213.32959, 4494.6294, -1.7689648]
   Float32[235.74765, 2292.7048]
 
380. Float32[265.32782, 358.20682, -0.12436414]
   Float32[57.12864, 225.24002]
 
381. Float32[397.3775, 1915.467, -0.07067633]
   Float32[151.36504, 1056.2404]
 
382. Float32[-482.08093, 3496.382, -1.0214136]
   Float32[142.71039, 1627.5654]
 
383. Float32[-127.71738, 1845.8345, -0.544888]
   Float32[51.68305, 894.83154]
 
384. Float32[193.05255, 3274.689, -0.15688145]
   Float32[137.28598, 1697.7396]
 
385. Float32[249.29462, 4858.5186, -0.36849642]
   Float32[294.79468, 2500.311]
 
386. Float32[-112.77496, 22.525696, -0.23212767]
   Float32[-8.221142, -10.365705]
 
387. Float32[-67.507324, 4017.021, -1.8769575]
   Float32[208.72063, 1980.4807]
 
388. Float32[-75.71619, 4375.7144, -0.9170064]
   Float32[165.35742, 2177.8264]
 
389. Float32[151.97418, 4654.8125, -1.2763208]
   Float32[253.66055, 2336.705]
 
390. Float32[-432.3631, 3330.2556, -1.8204708]
   Float32[134.56233, 1580.9973]
 
391. Float32[-23.332642, 4769.2246, -0.7686057]
   Float32[280.6302, 2385.8152]
 
392. Float32[76.550964, 4884.6206, -0.0926429]
   Float32[205.55295, 2442.6821]
 
393. Float32[172.72473, 1087.6753, -1.8247489]
   Float32[87.94669, 597.2742]
 
394. Float32[-406.53558, 2278.2146, -0.5689106]
   Float32[32.401276, 1074.8174]
 
395. Float32[455.6825, 4241.063, -1.232126]
   Float32[243.606, 2192.8062]
 
396. Float32[344.7497, -29.894508, -0.015634537]
   Float32[34.139545, 70.81678]
 
397. Float32[-330.7759, 3403.5012, -0.63779616]
   Float32[99.019714, 1657.8685]
 
398. Float32[361.21088, 3163.7905, -0.9313544]
   Float32[158.02399, 1652.9653]
 
399. Float32[-350.4498, 4759.74, -1.875207]
   Float32[219.26642, 2319.7407]
 
400. Float32[-475.37787, 2140.3198, -1.7044429]
   Float32[38.034622, 973.31006]
 
401. Float32[-162.74142, 259.16507, -1.7962006]
   Float32[-11.510725, 106.97705]
 
402. Float32[87.50543, 2893.7878, -1.0867184]
   Float32[184.66974, 1488.8181]
 
403. Float32[118.66278, 1729.2164, -1.635035]
   Float32[82.867035, 866.0748]
 
404. Float32[151.1911, 3159.84, -1.2197917]
   Float32[178.3933, 1617.7574]
 
405. Float32[-237.05103, 2110.4434, -0.3966565]
   Float32[111.54108, 1031.2274]
 
406. Float32[178.97363, 1698.6577, -0.7186141]
   Float32[90.16843, 860.799]
 
407. Float32[165.7168, 2876.0173, -0.28810537]
   Float32[169.9329, 1484.7814]
 
408. Float32[-434.01794, 4495.64, -1.0076929]
   Float32[168.70544, 2152.4797]
 
409. Float32[343.83234, 3790.4407, -0.3886634]
   Float32[199.62598, 1973.326]
 
410. Float32[191.7359, 1062.1139, -1.1269759]
   Float32[27.784348, 590.78906]
 
411. Float32[386.03406, 2599.4922, -0.5819944]
   Float32[177.91705, 1355.6344]
 
412. Float32[-56.681396, 2139.5916, -0.428344]
   Float32[79.15999, 1079.6573]
 
413. Float32[-180.6149, 1652.1891, -0.98798597]
   Float32[94.20271, 797.2981]
 
414. Float32[-19.275238, 2606.7524, -1.1293099]
   Float32[91.35999, 1276.9819]
 
415. Float32[-388.12662, 3676.8894, -1.0952346]
   Float32[189.70172, 1780.3898]
 
416. Float32[-92.284546, 2386.9026, -0.601429]
   Float32[132.36688, 1180.1575]
 
417. Float32[-277.22205, 648.7288, -1.5165439]
   Float32[44.53837, 252.13936]
 
418. Float32[481.90503, 3312.3271, -1.1779464]
   Float32[170.23444, 1757.3788]
 
419. Float32[184.78558, 4427.8477, -1.3662548]
   Float32[194.53745, 2268.7874]
 
420. Float32[373.8136, 1518.8401, -1.841836]
   Float32[129.37997, 830.3058]
 
421. Float32[375.15912, 4708.942, -1.939967]
   Float32[237.13548, 2414.5867]
 
422. Float32[-108.55328, 798.9495, -0.98174286]
   Float32[68.72473, 397.26764]
 
423. Float32[-266.9564, 325.40817, -0.39754176]
   Float32[-31.666058, 100.96508]
 
424. Float32[89.4895, 1577.7003, -1.6873822]
   Float32[132.00009, 794.73126]
 
425. Float32[209.0003, 3854.9905, -0.95474744]
   Float32[223.39185, 1980.4758]
 
426. Float32[45.791992, 4711.5415, -1.276453]
   Float32[277.85202, 2386.899]
 
427. Float32[263.46167, 391.2776, -0.18447304]
   Float32[23.11853, 234.75958]
 
428. Float32[32.716125, 54.105133, -0.3183105]
   Float32[-41.594707, 13.0401]
 
429. Float32[-54.46231, 4446.468, -1.6683804]
   Float32[252.15134, 2199.4758]
 
430. Float32[-269.97064, 376.49295, -0.29117417]
   Float32[-32.98252, 149.42471]
 
431. Float32[442.81732, 2476.095, -0.812132]
   Float32[208.08829, 1334.434]
 
432. Float32[160.64996, 3822.973, -1.8373413]
   Float32[247.75677, 1919.6576]
 
433. Float32[-11.017487, 2885.393, -1.9686081]
   Float32[132.91833, 1436.5474]
 
434. Float32[394.15808, 4428.0483, -1.583659]
   Float32[247.33206, 2270.238]
 
435. Float32[-299.9455, 1176.6984, -0.41528952]
   Float32[43.055634, 520.9317]
 
436. Float32[-258.1742, 4055.4512, -0.7937151]
   Float32[220.9733, 1986.8993]
 
437. Float32[444.35767, 2144.376, -1.9887962]
   Float32[128.87119, 1145.4825]
 
438. Float32[-130.95163, 1815.87, -1.3003695]
   Float32[41.32804, 867.51746]
 
439. Float32[-236.3335, 17.642883, -1.354002]
   Float32[5.8068886, -43.5347]
 
440. Float32[354.87372, 1985.1321, -1.1753798]
   Float32[98.20061, 1086.0638]
 
441. Float32[-302.1806, 2000.4563, -0.70228803]
   Float32[105.005516, 952.2435]
 
442. Float32[-147.54962, 3120.5974, -1.9379784]
   Float32[132.82828, 1533.4597]
 
443. Float32[480.0105, 789.0021, -1.9307966]
   Float32[111.255905, 500.05002]
 
444. Float32[104.88562, 517.5837, -0.19877672]
   Float32[14.118984, 292.0752]
 
445. Float32[-386.89124, 473.41663, -1.0309597]
   Float32[-55.789894, 173.03069]
 
446. Float32[-481.30392, 1705.9424, -0.5628227]
   Float32[11.794247, 743.1819]
 
447. Float32[-474.09433, 557.6243, -0.5869489]
   Float32[-34.350163, 184.04459]
 
448. Float32[300.3092, 3021.3752, -1.7928598]
   Float32[167.15723, 1550.0608]
 
449. Float32[-162.34995, 3125.7336, -1.6050493]
   Float32[110.70785, 1528.009]
 
450. Float32[-117.2775, 3315.218, -0.08107996]
   Float32[192.9761, 1638.6652]
 
451. Float32[-213.20963, 1835.1178, -1.6104808]
   Float32[46.33377, 890.5999]
 
452. Float32[440.44666, 2489.5337, -0.6480917]
   Float32[153.1099, 1353.2928]
 
453. Float32[432.07428, 2210.6912, -1.237501]
   Float32[141.22507, 1186.8049]
 
454. Float32[-154.39075, 3487.6592, -1.5711648]
   Float32[118.78394, 1710.5449]
 
455. Float32[-144.12659, 1869.7943, -1.3131452]
   Float32[54.56744, 907.808]
 
456. Float32[275.50085, 4662.975, -1.9579853]
   Float32[283.20898, 2379.1873]
 
457. Float32[252.73395, 104.44095, -1.7801547]
   Float32[-16.175047, 115.92531]
 
458. Float32[-306.21106, 681.07776, -0.45716763]
   Float32[-17.896465, 302.88074]
 
459. Float32[246.54797, 639.0642, -1.7615874]
   Float32[102.35533, 362.94852]
 
460. Float32[-101.98468, 547.3353, -1.148774]
   Float32[0.9658623, 228.24399]
 
461. Float32[377.4732, 4238.9707, -1.6561992]
   Float32[199.69113, 2181.6472]
 
462. Float32[-244.79866, 1358.867, -1.1892859]
   Float32[91.33291, 611.7869]
 
463. Float32[-229.3476, 602.99506, -0.41128063]
   Float32[30.57489, 251.24411]
 
464. Float32[24.034973, 1722.2347, -0.8504256]
   Float32[61.23208, 851.0119]
 
465. Float32[46.93274, 1973.9114, -1.3809189]
   Float32[121.29675, 1009.8892]
 
466. Float32[-380.57672, 3201.7297, -0.7443559]
   Float32[141.32632, 1508.1207]
 
467. Float32[74.12964, 2723.812, -0.7763469]
   Float32[115.02521, 1378.0409]
 
468. Float32[-349.45752, 2471.6096, -1.8120228]
   Float32[106.09745, 1167.0336]
 
469. Float32[361.33295, 4204.785, -0.057953358]
   Float32[289.43542, 2152.0103]
 
470. Float32[31.440369, 3557.744, -0.15604162]
   Float32[176.40822, 1760.7527]
 
471. Float32[31.405518, 788.7035, -0.061243534]
   Float32[8.3937645, 406.80774]
 
472. Float32[260.10437, 4561.6416, -1.5045962]
   Float32[253.99826, 2325.8975]
 
473. Float32[-11.99765, 66.7574, -1.5246537]
   Float32[-45.01019, 39.988884]
 
474. Float32[-361.09955, 272.89322, -0.48680687]
   Float32[-62.80085, 44.29706]
 
475. Float32[-119.242615, 2538.56, -0.52457094]
   Float32[121.46016, 1221.7189]
 
476. Float32[217.42224, 3919.473, -0.09159398]
   Float32[226.40714, 1989.5403]
 
477. Float32[66.23462, 4162.079, -1.0917553]
   Float32[208.24872, 2108.1658]
 
478. Float32[482.11768, 3355.063, -0.7023225]
   Float32[190.42807, 1761.3994]
 
479. Float32[-211.99643, -53.24552, -1.7242415]
   Float32[-25.555387, -72.292595]
 
480. Float32[138.67712, 3253.737, -0.6594801]
   Float32[183.04993, 1646.2089]
 
481. Float32[119.984924, 4455.8135, -0.2315278]
   Float32[281.5846, 2273.3142]
 
482. Float32[27.169434, 1885.0903, -0.33815825]
   Float32[133.37741, 945.00525]
 
483. Float32[36.35022, 1743.2253, -0.5945066]
   Float32[100.87576, 900.9879]
 
484. Float32[-65.955475, 1646.611, -0.39387882]
   Float32[111.20595, 833.40454]
 
485. Float32[-351.0251, 1895.731, -0.48484123]
   Float32[58.983513, 875.9047]
 
486. Float32[126.9671, 1629.6207, -0.23655689]
   Float32[71.90379, 822.3156]
 
487. Float32[-49.075897, 761.3333, -0.79117703]
   Float32[-10.958908, 373.8758]
 
488. Float32[200.96906, 4539.8794, -1.9093851]
   Float32[243.54382, 2323.4648]
 
489. Float32[271.14258, 2271.2969, -0.5378519]
   Float32[142.3817, 1212.0537]
 
490. Float32[452.09625, 2177.4558, -0.55224466]
   Float32[112.16027, 1172.2462]
 
491. Float32[303.05823, 2779.0396, -1.9728956]
   Float32[118.26076, 1431.7059]
 
492. Float32[-482.97314, 1550.3129, -0.21770191]
   Float32[-8.389799, 681.63]
 
493. Float32[-7.9730225, 1697.0508, -0.9694891]
   Float32[83.474464, 861.3821]
 
494. Float32[-81.4892, 1115.4827, -0.638412]
   Float32[71.8727, 552.1293]
 
495. Float32[440.6197, 2660.825, -1.9383743]
   Float32[142.05302, 1405.9852]
 
496. Float32[-425.71313, 175.06055, -0.42158568]
   Float32[-17.58165, 15.066866]
 
497. Float32[-345.9709, 1439.205, -1.0721794]
   Float32[85.19159, 674.36017]
 
498. Float32[173.10895, 1602.8573, -0.86645424]
   Float32[111.13476, 852.41284]
 
499. Float32[413.23676, 1588.6282, -0.4035251]
   Float32[159.58847, 864.553]
 
500. Float32[364.4583, 1488.3961, -0.41693437]
   Float32[91.49458, 801.2535]
 
501. Float32[104.20538, 2574.0754, -1.184183]
   Float32[99.51965, 1282.4269]
 
502. Float32[283.7027, 27.750633, -0.95292187]
   Float32[1.03125, 75.70387]
 
503. Float32[-167.23776, 2058.9487, -1.1907357]
   Float32[75.98102, 1009.0269]
 
504. Float32[-86.795044, 3777.474, -0.52028143]
   Float32[178.19019, 1859.3641]
 
505. Float32[-98.00763, 4854.338, -0.35342693]
   Float32[238.7887, 2415.8071]
 
506. Float32[-102.1579, 1509.8231, -0.744462]
   Float32[47.8876, 753.5431]
 
507. Float32[285.82428, 221.7283, -1.9802464]
   Float32[4.3150673, 159.73558]
 
508. Float32[311.90424, 3097.6313, -1.7076355]
   Float32[162.82233, 1606.8657]
 
509. Float32[115.86603, 222.59851, -1.0558907]
   Float32[8.903133, 145.4521]
 
510. Float32[-13.617218, 1067.9677, -1.131325]
   Float32[24.434668, 527.5873]
 
511. Float32[-312.78424, 2939.1907, -1.5951807]
   Float32[114.57711, 1390.2594]
 
512. Float32[-16.009735, 1454.3219, -0.5629059]
   Float32[27.901836, 715.2764]
 
513. Float32[-231.0357, 991.24695, -1.3339101]
   Float32[24.864859, 450.3644]
 
514. Float32[-325.13977, 3116.9165, -1.0283931]
   Float32[172.38272, 1485.7192]
 
515. Float32[-334.8178, -39.244686, -0.41719592]
   Float32[-27.635067, -107.15079]
 
516. Float32[-417.69296, 3377.219, -0.32999134]
   Float32[101.37473, 1621.8729]
 
517. Float32[405.07916, 4432.2617, -1.8868182]
   Float32[291.90323, 2295.812]
 
518. Float32[-185.69876, 1201.8313, -0.850314]
   Float32[36.783783, 581.98486]
 
519. Float32[423.26123, 1378.1278, -1.1960216]
   Float32[149.55011, 796.0548]
 
520. Float32[-335.2369, 3513.4636, -1.9919293]
   Float32[112.23309, 1704.6681]
 
521. Float32[-352.8714, 1520.546, -1.8086009]
   Float32[32.208706, 704.0563]
 
522. Float32[-475.80576, 1687.8438, -0.65856266]
   Float32[2.437271, 724.445]
 
523. Float32[-333.88684, 4765.8364, -1.0582396]
   Float32[162.62387, 2323.548]
 
524. Float32[-70.10037, 4315.339, -0.75991154]
   Float32[213.0122, 2164.0085]
 
525. Float32[243.14014, 4267.7827, -1.1734351]
   Float32[284.70953, 2200.6465]
 
526. Float32[-216.33725, 3524.731, -1.5754201]
   Float32[189.03677, 1740.4596]
 
527. Float32[229.85327, 3492.9792, -0.50736916]
   Float32[209.9786, 1796.9813]
 
528. Float32[-498.39688, 4387.116, -1.9414533]
   Float32[209.17628, 2092.4363]
 
529. Float32[260.32678, 285.5589, -0.72577333]
   Float32[37.451218, 194.29196]
 
530. Float32[275.21246, 4177.9233, -1.7187943]
   Float32[219.4411, 2150.1577]
 
531. Float32[-340.7229, 2847.3591, -0.35862112]
   Float32[141.36383, 1339.829]
 
532. Float32[-99.52469, 4591.7856, -1.215389]
   Float32[201.3583, 2274.1665]
 
533. Float32[-445.43933, 2843.4417, -0.5738032]
   Float32[52.28853, 1315.3702]
 
534. Float32[-190.70041, 3428.4243, -1.7741088]
   Float32[179.22534, 1667.6562]
 
535. Float32[-67.652405, 3498.2566, -0.24886084]
   Float32[158.91231, 1738.8752]
 
536. Float32[154.59277, 103.34244, -1.818229]
   Float32[-3.7986088, 76.29531]
 
537. Float32[-351.6062, 4628.979, -0.36827445]
   Float32[220.409, 2247.2551]
 
538. Float32[-159.77597, 2106.0806, -0.5250759]
   Float32[98.323044, 1023.01965]
 
539. Float32[-344.02222, 2860.6184, -1.4053138]
   Float32[146.37753, 1371.6727]
 
540. Float32[228.20612, 491.53674, -1.6768993]
   Float32[29.648628, 282.4114]
 
541. Float32[374.2245, 4896.525, -0.4184227]
   Float32[298.97668, 2517.6755]
 
542. Float32[141.68, 120.05975, -0.026008487]
   Float32[18.64833, 104.34066]
 
543. Float32[-232.44159, 490.83105, -0.9608904]
   Float32[35.916054, 202.25667]
 
544. Float32[216.97961, 4498.1797, -1.8932745]
   Float32[261.5562, 2299.2854]
 
545. Float32[165.18707, 2234.2336, -1.7301325]
   Float32[118.36889, 1162.6023]
 
546. Float32[213.74683, 3375.879, -1.8064779]
   Float32[231.86537, 1705.7869]
 
547. Float32[456.2821, 1730.7474, -0.94257]
   Float32[165.30408, 971.6105]
 
548. Float32[-215.63364, 185.20404, -0.73601806]
   Float32[-6.2178783, 66.45436]
 
549. Float32[-447.15192, 2090.4585, -0.10523844]
   Float32[17.410881, 959.9722]
 
550. Float32[-211.49802, 1639.2927, -0.24764943]
   Float32[92.935455, 795.61456]
 
551. Float32[-75.85138, 2857.6724, -1.2511004]
   Float32[132.81433, 1423.5651]
 
552. Float32[-211.0393, 142.15251, -1.2625096]
   Float32[-29.450905, 37.854057]
 
553. Float32[176.66785, 1010.77344, -0.359542]
   Float32[55.65614, 524.4103]
 
554. Float32[70.21179, 3842.7888, -0.7273153]
   Float32[221.75885, 1922.8108]
 
555. Float32[-18.043335, 347.93695, -0.12855327]
   Float32[32.943584, 189.42334]
 
556. Float32[441.3147, 4550.731, -0.3078406]
   Float32[237.10669, 2364.4092]
 
557. Float32[68.7547, 2891.4556, -1.1453505]
   Float32[130.26654, 1456.552]
 
558. Float32[-480.98392, 4884.7847, -1.561497]
   Float32[153.36232, 2348.8164]
 
559. Float32[-389.93066, 1856.8557, -0.028012633]
   Float32[37.161816, 871.0199]
 
560. Float32[-219.03784, 2001.1907, -0.5594474]
   Float32[122.833084, 973.10034]
 
561. Float32[-175.93509, 3694.066, -1.8830836]
   Float32[197.85965, 1803.3978]
 
562. Float32[-123.98773, 1783.5544, -0.4893446]
   Float32[72.1541, 885.1385]
 
563. Float32[58.415527, 3723.7832, -0.05029559]
   Float32[214.66505, 1882.7048]
 
564. Float32[302.24976, 2147.764, -0.072933435]
   Float32[88.93031, 1139.6403]
 
565. Float32[-451.31134, 1436.054, -0.1769948]
   Float32[56.735245, 651.3253]
 
566. Float32[220.41339, 3211.9502, -1.9008812]
   Float32[200.54823, 1630.3368]
 
567. Float32[171.33801, 4160.964, -0.96737564]
   Float32[265.16165, 2091.8792]
 
568. Float32[270.0119, 1540.5809, -1.9463986]
   Float32[70.243065, 827.9693]
 
569. Float32[382.5119, 2808.679, -0.5157182]
   Float32[213.74115, 1476.3348]
 
570. Float32[-173.57278, 792.1334, -0.8107989]
   Float32[52.14047, 349.1691]
 
571. Float32[-154.09875, 3169.5706, -0.47018838]
   Float32[103.23012, 1570.0836]
 
572. Float32[361.53955, 2751.877, -1.3903619]
   Float32[152.42276, 1458.5386]
 
573. Float32[-54.372192, 380.15057, -0.7243469]
   Float32[29.741531, 200.6136]
 
574. Float32[115.173645, 1788.7374, -0.5448276]
   Float32[100.455666, 921.227]
 
575. Float32[-168.43915, 3764.9216, -1.4100001]
   Float32[135.29517, 1856.6987]
 
576. Float32[229.67944, 3589.348, -1.8288227]
   Float32[190.05988, 1842.728]
 
577. Float32[121.71417, 4146.079, -1.3386486]
   Float32[186.10251, 2107.0308]
 
578. Float32[118.21295, 3757.0466, -0.54701984]
   Float32[150.05618, 1926.7444]
 
579. Float32[487.57135, 3824.646, -1.6536615]
   Float32[264.45172, 1988.3782]
 
580. Float32[433.5885, 2879.4958, -0.089386106]
   Float32[176.35373, 1516.7842]
 
581. Float32[-299.97272, 2475.6997, -1.5487252]
   Float32[62.022297, 1197.2853]
 
582. Float32[374.36, 3112.2505, -0.11234045]
   Float32[151.43842, 1620.9811]
 
583. Float32[-233.1276, 2383.2988, -1.9843196]
   Float32[132.7194, 1147.4214]
 
584. Float32[255.27747, 2253.7456, -0.13045251]
   Float32[118.02631, 1175.2002]
 
585. Float32[-419.6961, 381.5957, -1.3748335]
   Float32[14.9514065, 116.43045]
 
586. Float32[-47.971375, 3184.5732, -1.0617381]
   Float32[189.65375, 1561.5426]
 
587. Float32[-361.9778, 3121.8728, -0.7578424]
   Float32[117.6315, 1511.3423]
 
588. Float32[458.1897, 631.00446, -1.8444458]
   Float32[36.901066, 415.89392]
 
589. Float32[-320.61792, 51.747467, -0.5521034]
   Float32[7.418907, -50.86266]
 
590. Float32[-326.80927, 1699.2866, -1.0342251]
   Float32[59.972656, 771.664]
 
591. Float32[-34.44339, 904.94653, -1.8972136]
   Float32[24.093876, 445.57776]
 
592. Float32[401.98163, 2954.283, -1.9855695]
   Float32[193.17654, 1538.5608]
 
593. Float32[354.4795, 2434.168, -1.3226156]
   Float32[196.74763, 1304.6661]
 
594. Float32[-62.201843, -68.382416, -0.79059803]
   Float32[8.796473, -68.75919]
 
595. Float32[-357.62637, 713.8603, -0.53649294]
   Float32[-28.574486, 302.04648]
 
596. Float32[278.6062, 4290.536, -0.44715297]
   Float32[259.67526, 2179.8582]
 
597. Float32[93.89618, 3664.625, -1.0867938]
   Float32[173.8163, 1857.4769]
 
598. Float32[-367.95374, 1394.1656, -1.8305179]
   Float32[49.44011, 644.58844]
 
599. Float32[-436.44553, 687.1017, -0.26774383]
   Float32[-31.995026, 274.5432]
 
600. Float32[38.38098, 720.9029, -1.1585085]
   Float32[23.538586, 365.9414]
 
601. Float32[45.80725, 2115.202, -0.8902191]
   Float32[91.09535, 1061.2125]
 
602. Float32[75.74945, 3205.363, -0.10941744]
   Float32[154.38634, 1641.2844]
 
603. Float32[-216.2248, 371.873, -0.3951671]
   Float32[9.427317, 124.591064]
 
604. Float32[169.54663, 320.93427, -0.7470566]
   Float32[-0.7293968, 178.83104]
 
605. Float32[116.97638, 4872.8296, -1.8536367]
   Float32[264.64462, 2460.7637]
 
606. Float32[-311.2215, 3245.8394, -1.828987]
   Float32[139.3851, 1540.0808]
 
607. Float32[-225.13657, 422.02045, -0.44319654]
   Float32[-31.140673, 173.01746]
 
608. Float32[-364.6081, 4313.2944, -0.48944604]
   Float32[129.44962, 2068.2986]
 
609. Float32[441.0042, 2641.5776, -1.397851]
   Float32[196.04764, 1388.7701]
 
610. Float32[258.48688, 2108.9233, -1.0434684]
   Float32[127.58708, 1118.46]
 
611. Float32[198.05353, 3555.9705, -0.38429213]
   Float32[185.02213, 1792.8579]
 
612. Float32[-483.12253, 3252.5125, -1.8547872]
   Float32[128.04247, 1546.37]
 
613. Float32[159.31213, 2591.0325, -0.62551093]
   Float32[176.84543, 1303.1041]
 
614. Float32[-435.5585, 1239.837, -0.56125724]
   Float32[67.07931, 550.1898]
 
615. Float32[24.829468, 1994.5405, -0.5210848]
   Float32[51.861126, 1020.98584]
 
616. Float32[417.2179, 218.7728, -0.8076694]
   Float32[33.916695, 174.77856]
 
617. Float32[-6.5934143, 6.732544, -1.5812451]
   Float32[9.4817505, 20.786299]
 
618. Float32[-60.3118, 2239.5925, -0.92722094]
   Float32[100.580215, 1115.7878]
 
619. Float32[251.95575, 3255.1326, -1.0012249]
   Float32[172.52954, 1688.913]
 
620. Float32[-406.16876, -76.12357, -0.67506087]
   Float32[-29.162441, -115.18576]
 
621. Float32[207.55585, 4837.78, -0.40398526]
   Float32[229.80997, 2451.1023]
 
622. Float32[-90.336914, 1908.5665, -1.0888116]
   Float32[112.00924, 960.1564]
 
623. Float32[-429.4905, 1042.9906, -1.2392923]
   Float32[-3.5131407, 439.7652]
 
624. Float32[479.97406, 2788.2092, -1.5985502]
   Float32[153.66391, 1501.5774]
 
625. Float32[-125.754944, 3627.5273, -1.2592437]
   Float32[166.785, 1791.9177]
 
626. Float32[-304.27228, 1615.4312, -0.9753548]
   Float32[7.1518097, 765.1105]
 
627. Float32[-332.50873, 4720.8306, -1.7925569]
   Float32[156.37082, 2307.4604]
 
628. Float32[-303.4118, 1407.6825, -1.3532965]
   Float32[15.420469, 620.0094]
 
629. Float32[-447.52942, 2967.848, -0.52555585]
   Float32[101.82156, 1377.0487]
 
630. Float32[268.38037, 3855.0273, -1.961135]
   Float32[234.04446, 1999.9596]
 
631. Float32[-369.67993, 2114.3271, -0.8593025]
   Float32[99.61585, 1003.5476]
 
632. Float32[-32.202118, 3183.5764, -1.4867661]
   Float32[156.50945, 1602.2072]
 
633. Float32[-33.74286, 1895.0059, -1.4968091]
   Float32[83.044586, 927.50165]
 
634. Float32[427.16302, 2775.8857, -1.8027393]
   Float32[167.11992, 1493.1644]
 
635. Float32[-392.94284, 1178.7732, -1.9245601]
   Float32[12.561514, 491.28247]
 
636. Float32[-310.84393, 1616.6522, -1.0441391]
   Float32[9.131569, 753.2023]
 
637. Float32[-272.6516, 2303.454, -1.2717583]
   Float32[65.653275, 1095.821]
 
638. Float32[-471.0096, 379.39807, -1.777027]
   Float32[-61.634617, 78.67138]
 
639. Float32[369.3698, 3952.7036, -1.6740521]
   Float32[228.01736, 2055.0728]
 
640. Float32[-461.13885, 1065.4946, -0.019454122]
   Float32[-15.280118, 457.66296]
 
641. Float32[-29.8013, 4879.538, -0.021951556]
   Float32[227.86948, 2414.3596]
 
642. Float32[-466.37476, 3277.669, -0.48597407]
   Float32[162.41162, 1535.0524]
 
643. Float32[435.41156, 1291.1337, -0.3249079]
   Float32[144.29716, 727.6806]
 
644. Float32[66.09723, 2003.8882, -1.8033679]
   Float32[133.51627, 1005.4304]
 
645. Float32[271.7437, 1094.445, -1.4464346]
   Float32[84.33329, 585.7449]
 
646. Float32[-150.40732, 4037.6538, -1.8445837]
   Float32[220.11743, 1986.6655]
 
647. Float32[238.92236, 3629.1992, -1.7636304]
   Float32[244.1589, 1863.664]
 
648. Float32[-311.42633, -98.7492, -1.9122952]
   Float32[-10.68681, -125.43336]
 
649. Float32[-22.57138, 2155.338, -0.472816]
   Float32[154.16876, 1060.5527]
 
650. Float32[258.30518, 254.52216, -1.968286]
   Float32[17.491032, 161.75116]
 
651. Float32[-155.39218, 729.3372, -1.3359987]
   Float32[60.839333, 309.98825]
 
652. Float32[200.38971, 960.4989, -0.42310238]
   Float32[23.116951, 496.44867]
 
653. Float32[-397.41653, 3657.9912, -1.6150401]
   Float32[142.89252, 1742.0077]
 
654. Float32[-356.25397, 2025.4666, -0.7188903]
   Float32[23.984215, 922.80005]
 
655. Float32[-247.62881, 552.737, -0.34704244]
   Float32[1.0264394, 232.16135]
 
656. Float32[-153.25879, 4271.0166, -1.981252]
   Float32[161.55647, 2128.2976]
 
657. Float32[356.12506, 1318.9067, -0.09596503]
   Float32[113.981384, 729.9898]
 
658. Float32[312.39734, 2992.1995, -0.4626639]
   Float32[227.49065, 1579.981]
 
659. Float32[496.7273, 926.69714, -1.7476934]
   Float32[100.83429, 560.9116]
 
660. Float32[-294.12915, 375.9866, -0.892282]
   Float32[20.928719, 137.28545]
 
661. Float32[322.59174, 1291.9857, -0.521966]
   Float32[127.77061, 733.1049]
 
662. Float32[-98.85687, 326.9752, -0.34094155]
   Float32[47.93666, 166.67142]
 
663. Float32[-330.11414, 922.6759, -1.5007225]
   Float32[-37.361794, 404.70132]
 
664. Float32[-6.307129, 1102.0055, -1.3914312]
   Float32[32.145973, 529.22345]
 
665. Float32[420.33325, 3159.5645, -1.057408]
   Float32[210.62572, 1641.6882]
 
666. Float32[-59.239807, 4251.626, -0.91131413]
   Float32[185.75024, 2092.4]
 
667. Float32[458.67023, 1722.5068, -0.44372392]
   Float32[169.70279, 947.67426]
 
668. Float32[-324.6667, 563.2191, -1.0166727]
   Float32[26.926517, 196.0949]
 
669. Float32[6.8299866, 3854.5024, -1.8323667]
   Float32[217.4034, 1944.6903]
 
670. Float32[354.42224, 835.02106, -1.8348175]
   Float32[54.575153, 495.093]
 
671. Float32[109.309326, 4369.062, -1.0371372]
   Float32[196.9454, 2190.6948]
 
672. Float32[-344.70166, 3375.4712, -1.2377545]
   Float32[144.65588, 1607.7529]
 
673. Float32[228.78375, 173.64313, -1.0007226]
   Float32[43.643593, 117.36065]
 
674. Float32[476.69153, 2492.575, -0.53806496]
   Float32[185.2904, 1341.3295]
 
675. Float32[468.6914, 4360.936, -1.7389444]
   Float32[217.12752, 2266.3025]
 
676. Float32[-160.58374, 4024.6772, -1.852372]
   Float32[188.81432, 1962.965]
 
677. Float32[-250.1548, -22.266602, -0.78263044]
   Float32[-0.73758125, -48.694138]
 
678. Float32[-118.89316, 617.18695, -1.2763795]
   Float32[-14.886232, 303.97867]
 
679. Float32[108.778564, 4808.344, -0.9079118]
   Float32[234.66183, 2426.878]
 
680. Float32[471.45648, 2708.2827, -0.24396634]
   Float32[212.37677, 1464.5725]
 
681. Float32[414.15344, 3826.3718, -0.6493541]
   Float32[277.5006, 2008.9427]
 
682. Float32[-35.27057, 879.92303, -1.1267763]
   Float32[86.90922, 408.86807]
 
683. Float32[250.53986, 3251.0654, -0.52833235]
   Float32[230.2402, 1695.8735]
 
684. Float32[-316.00635, 2213.4875, -0.16245472]
   Float32[40.60328, 1041.1558]
 
685. Float32[44.5166, 1322.1578, -1.597558]
   Float32[90.24579, 660.0128]
 
686. Float32[254.5697, 1230.6061, -0.8075844]
   Float32[110.61755, 648.0789]
 
687. Float32[132.21967, 1521.4359, -0.85668373]
   Float32[69.77657, 776.233]
 
688. Float32[-379.0651, 1046.5677, -0.54338384]
   Float32[17.044285, 455.02344]
 
689. Float32[79.08148, 2175.4456, -0.36340368]
   Float32[96.52985, 1113.7383]
 
690. Float32[-211.7598, 2634.8445, -0.19250011]
   Float32[154.30814, 1288.5187]
 
691. Float32[356.23737, 3465.6387, -0.13514066]
   Float32[251.25192, 1802.2521]
 
692. Float32[470.84125, 1347.3429, -1.9778031]
   Float32[127.83254, 760.7271]
 
693. Float32[203.12885, 3812.9084, -1.8762828]
   Float32[255.05664, 1965.9744]
 
694. Float32[-63.789246, 1414.5892, -0.4728726]
   Float32[23.233654, 678.78326]
 
695. Float32[-245.05275, 4420.1484, -0.63271856]
   Float32[164.6968, 2151.407]
 
696. Float32[-137.12048, -44.9268, -1.3148309]
   Float32[32.221092, -53.485344]
 
697. Float32[192.7348, 3438.5037, -1.6859834]
   Float32[203.74911, 1736.8829]
 
698. Float32[375.6728, 3661.8604, -0.044182062]
   Float32[243.4718, 1915.4924]
 
699. Float32[-331.19827, 132.83392, -0.048826337]
   Float32[-11.651567, 8.879827]
 
700. Float32[-194.61386, 2399.6555, -0.20027149]
   Float32[117.83197, 1146.4434]
 
701. Float32[84.31915, 1679.7769, -0.047085762]
   Float32[115.91104, 875.7112]
 
702. Float32[313.4052, 3069.544, -1.8541139]
   Float32[147.17674, 1594.1984]
 
703. Float32[-157.3233, 2150.0579, -0.3781259]
   Float32[83.47876, 1064.5594]
 
704. Float32[174.76044, 3200.3718, -0.78586483]
   Float32[152.8944, 1618.1843]
 
705. Float32[99.3548, 4369.2915, -0.3406602]
   Float32[273.92804, 2189.4607]
 
706. Float32[488.01874, 58.536438, -1.446975]
   Float32[71.28794, 145.80379]
 
707. Float32[-443.63428, 2698.4832, -1.6351475]
   Float32[119.16895, 1271.3176]
 
708. Float32[204.15967, 4345.868, -0.98597324]
   Float32[225.88324, 2201.0603]
 
709. Float32[-492.62488, 1512.4043, -0.63917756]
   Float32[27.19049, 635.13086]
 
710. Float32[392.27167, 3809.9673, -1.0564954]
   Float32[242.50713, 2005.6935]
 
711. Float32[-251.8627, 3324.2925, -1.0697149]
   Float32[146.02855, 1627.3845]
 
712. Float32[190.55878, 2485.0505, -0.9964509]
   Float32[123.80887, 1285.1654]
 
713. Float32[-300.9501, 2657.632, -0.8410014]
   Float32[113.04048, 1266.6937]
 
714. Float32[10.56485, 2432.7988, -1.9013029]
   Float32[163.33981, 1219.8464]
 
715. Float32[122.05774, 2079.71, -1.4662516]
   Float32[81.507385, 1045.5857]
 
716. Float32[-88.63519, 2864.208, -0.93324554]
   Float32[93.78641, 1407.7235]
 
717. Float32[246.14056, 3815.0632, -1.8324733]
   Float32[210.01328, 1978.2715]
 
718. Float32[-375.31567, 208.09402, -1.5178833]
   Float32[21.157736, 25.18976]
 
719. Float32[228.60748, 3408.8206, -0.65660036]
   Float32[195.25882, 1747.3799]
 
720. Float32[278.1148, 1730.4327, -1.4083375]
   Float32[141.202, 912.12366]
 
721. Float32[250.18762, 407.05255, -1.2570193]
   Float32[17.506897, 271.21838]
 
722. Float32[-178.4813, 2139.4983, -0.429958]
   Float32[59.917145, 1019.2428]
 
723. Float32[27.441467, 4774.569, -0.43752944]
   Float32[263.4945, 2403.17]
 
724. Float32[-212.28302, 2333.9968, -0.84324396]
   Float32[134.2958, 1123.5748]
 
725. Float32[-146.28671, 4502.05, -1.8433725]
   Float32[166.50989, 2231.8477]
 
726. Float32[-267.8907, 3568.4165, -0.68132365]
   Float32[167.25777, 1710.7516]
 
727. Float32[451.09222, 1295.1024, -0.22014487]
   Float32[86.68152, 750.57446]
 
728. Float32[-179.61865, 4016.269, -1.2941673]
   Float32[213.66293, 1961.4053]
 
729. Float32[-495.1719, 3406.896, -0.4425099]
   Float32[134.14546, 1604.0673]
 
730. Float32[-246.60104, 934.4944, -0.29982436]
   Float32[0.48015785, 427.5657]
 
731. Float32[399.33435, 731.2124, -0.7002399]
   Float32[111.78211, 422.102]
 
732. Float32[125.18237, 938.57007, -1.109659]
   Float32[55.40055, 509.2315]
 
733. Float32[292.99188, 731.2374, -1.1681913]
   Float32[104.025764, 399.544]
 
734. Float32[-294.8905, 1218.0664, -1.8780175]
   Float32[-8.178808, 555.59814]
 
735. Float32[201.42712, -56.17449, -1.9853634]
   Float32[62.173428, 4.547659]
 
736. Float32[288.68805, 2981.0156, -0.83058965]
   Float32[169.00952, 1558.8336]
 
737. Float32[-397.46844, 4764.5806, -0.73725617]
   Float32[200.36925, 2309.574]
 
738. Float32[-488.3316, 1667.1516, -0.85639083]
   Float32[19.161808, 753.92664]
 
739. Float32[310.68494, 4100.6187, -1.972859]
   Float32[205.7237, 2124.86]
 
740. Float32[31.03711, 3249.211, -1.5375391]
   Float32[158.45775, 1644.7194]
 
741. Float32[431.1399, 2849.254, -1.3951033]
   Float32[138.86981, 1523.9642]
 
742. Float32[258.797, 146.56177, -0.4567139]
   Float32[21.111694, 137.5278]
 
743. Float32[-62.306274, 4445.417, -1.0708258]
   Float32[255.61328, 2210.444]
 
744. Float32[231.08765, 2096.3018, -0.670828]
   Float32[152.42719, 1078.326]
 
745. Float32[-117.121155, 547.8059, -1.6041777]
   Float32[62.40515, 245.5057]
 
746. Float32[296.83087, 4369.8833, -0.070987344]
   Float32[206.65166, 2255.5667]
 
747. Float32[-271.58487, 4216.2734, -1.3014516]
   Float32[227.19775, 2071.8894]
 
748. Float32[-367.25787, 1732.4077, -1.9967985]
   Float32[8.111004, 810.0416]
 
749. Float32[375.7749, 205.70297, -0.66214406]
   Float32[80.33023, 164.2288]
 
750. Float32[364.57654, 1851.8698, -1.207312]
   Float32[173.88995, 1003.2563]
 
751. Float32[12.866699, 3795.0115, -1.6735619]
   Float32[236.04031, 1918.6486]
 
752. Float32[61.628906, 1104.0618, -1.5389177]
   Float32[105.043594, 577.8887]
 
753. Float32[-170.79025, 4180.1562, -1.209926]
   Float32[228.14493, 2055.562]
 
754. Float32[-98.33188, 2469.997, -1.4845579]
   Float32[110.95863, 1194.0454]
 
755. Float32[-489.7374, 3365.0063, -0.51253796]
   Float32[99.728386, 1560.3245]
 
756. Float32[397.31512, 2801.1135, -1.8318805]
   Float32[160.66196, 1493.4135]
 
757. Float32[461.73334, 592.97015, -1.6905582]
   Float32[26.320015, 392.46933]
 
758. Float32[-330.65875, 4513.6646, -0.22837949]
   Float32[162.80255, 2199.8054]
 
759. Float32[72.20111, 878.82, -1.1676006]
   Float32[44.143154, 434.13385]
 
760. Float32[220.3114, 1097.0392, -1.4166427]
   Float32[70.578735, 611.9957]
 
761. Float32[312.24878, 1820.7094, -1.5038388]
   Float32[103.32434, 952.3416]
 
762. Float32[346.633, 3518.5571, -0.05858648]
   Float32[254.0582, 1818.0851]
 
763. Float32[-391.37213, 692.6184, -0.32576692]
   Float32[-48.913673, 260.2249]
 
764. Float32[-411.25256, 2850.6255, -0.20405364]
   Float32[105.370056, 1355.5002]
 
765. Float32[441.9823, 1067.12, -0.14834547]
   Float32[77.79659, 637.59344]
 
766. Float32[63.250916, 2446.5244, -1.3024303]
   Float32[124.02643, 1239.7891]
 
767. Float32[18.297302, 367.59277, -1.6253225]
   Float32[-13.828562, 197.02232]
 
768. Float32[-314.7419, 4553.6543, -1.3860312]
   Float32[215.6872, 2202.359]
 
769. Float32[-213.55301, 4530.394, -1.3488581]
   Float32[157.88362, 2215.273]
 
770. Float32[-256.18982, 2230.2437, -0.1610223]
   Float32[83.01041, 1065.3757]
 
771. Float32[-476.02737, 1351.5928, -1.8587267]
   Float32[28.725363, 583.7975]
 
772. Float32[-469.71643, 1686.5035, -0.48692143]
   Float32[49.215267, 736.7094]
 
773. Float32[289.11987, 4683.081, -0.7438729]
   Float32[249.12195, 2416.7114]
 
774. Float32[473.17438, 1262.387, -1.6775266]
   Float32[120.41808, 706.98474]
 
775. Float32[158.67676, 3683.1777, -1.1632578]
   Float32[239.77686, 1850.9794]
 
776. Float32[-201.60956, 4428.0234, -1.1070333]
   Float32[203.20407, 2185.5588]
 
777. Float32[-134.91504, 1083.3447, -1.8350979]
   Float32[51.286083, 498.71237]
 
778. Float32[45.69165, 2959.7087, -1.134562]
   Float32[114.65379, 1511.0674]
 
779. Float32[-350.2462, 2992.0847, -0.8399786]
   Float32[66.65299, 1417.1758]
 
780. Float32[-112.8378, 1731.4246, -1.8770293]
   Float32[42.66806, 818.21967]
 
781. Float32[-436.57834, 4634.5747, -1.7628896]
   Float32[201.83746, 2251.334]
 
782. Float32[-249.40842, 1325.0663, -0.43356657]
   Float32[-4.175293, 626.7398]
 
783. Float32[370.00214, 1408.9017, -1.2348158]
   Float32[123.001724, 779.90625]
 
784. Float32[4.0617065, 667.9152, -0.02133429]
   Float32[27.244057, 353.43353]
 
785. Float32[108.22644, 1463.5284, -1.2384713]
   Float32[107.91091, 777.1576]
 
786. Float32[423.82324, 905.0923, -0.09090912]
   Float32[112.77414, 547.1773]
 
787. Float32[-445.20975, 3812.5002, -1.3861926]
   Float32[166.17447, 1835.1088]
 
788. Float32[435.51855, 2044.3633, -0.47619605]
   Float32[181.04019, 1097.4784]
 
789. Float32[136.88239, 4092.3394, -1.0082847]
   Float32[267.12463, 2091.7637]
 
790. Float32[-415.38947, 4502.228, -1.7298609]
   Float32[139.92953, 2173.0786]
 
791. Float32[-256.82794, 3365.4736, -0.7766175]
   Float32[146.60574, 1622.7932]
 
792. Float32[-317.43335, 4206.103, -0.47793305]
   Float32[160.62535, 2047.6978]
 
793. Float32[-169.83026, 3667.657, -0.2388004]
   Float32[156.62283, 1799.2422]
 
794. Float32[241.77112, 47.785248, -0.22676575]
   Float32[2.868269, 78.25929]
 
795. Float32[117.41736, 4248.623, -0.76247275]
   Float32[268.8471, 2139.8506]
 
796. Float32[-95.15863, 4218.149, -1.2650917]
   Float32[171.67622, 2091.2197]
 
797. Float32[419.9875, 3505.364, -1.405062]
   Float32[260.7983, 1816.0961]
 
798. Float32[-49.3927, 4855.8843, -1.4084809]
   Float32[219.09102, 2432.5037]
 
799. Float32[-415.68607, 4386.6895, -0.23569858]
   Float32[160.03706, 2112.7783]
 
800. Float32[357.10645, 4374.386, -1.1778277]
   Float32[209.46849, 2250.046]
 
801. Float32[265.86267, 961.65234, -1.6408167]
   Float32[23.444183, 511.85916]
 
802. Float32[-201.04904, 1552.9685, -1.4041008]
   Float32[40.69539, 724.84814]
 
803. Float32[236.08936, 1514.7366, -0.3536557]
   Float32[108.75576, 828.78674]
 
804. Float32[213.53925, 4600.3857, -1.5105348]
   Float32[228.45717, 2350.3572]
 
805. Float32[-339.14453, 2786.254, -0.102630615]
   Float32[101.161934, 1336.3125]
 
806. Float32[-140.73755, 3849.6409, -0.96242464]
   Float32[200.52464, 1903.9922]
 
807. Float32[-89.38605, 3402.5955, -1.7941067]
   Float32[141.51271, 1663.8512]
 
808. Float32[438.1861, 4236.812, -1.6850922]
   Float32[299.0344, 2218.7542]
 
809. Float32[67.93591, 4090.56, -0.00712204]
   Float32[234.91309, 2080.6108]
 
810. Float32[224.33417, 2780.296, -0.9662837]
   Float32[140.73564, 1419.4308]
 
811. Float32[-151.52829, 4049.058, -0.9635817]
   Float32[230.95435, 1989.565]
 
812. Float32[-421.48157, 839.4646, -0.22872496]
   Float32[33.549007, 350.59085]
 
813. Float32[359.68433, 1289.8695, -0.19130492]
   Float32[102.3479, 716.81165]
 
814. Float32[-219.4122, 2583.0623, -0.70325685]
   Float32[104.2428, 1263.1501]
 
815. Float32[125.92163, 3979.278, -0.31655467]
   Float32[235.62318, 2032.1122]
 
816. Float32[359.10095, 336.01096, -0.5550262]
   Float32[68.18339, 242.70052]
 
817. Float32[217.55414, 4459.069, -1.5831043]
   Float32[280.74255, 2267.2275]
 
818. Float32[192.54462, 2418.745, -1.4336159]
   Float32[138.13115, 1269.8322]
 
819. Float32[277.38953, 522.07043, -1.6666725]
   Float32[41.057217, 310.93286]
 
820. Float32[-115.558014, 598.9276, -1.3319731]
   Float32[65.4569, 296.8508]
 
821. Float32[-187.7526, 1717.8066, -0.8140712]
   Float32[59.170387, 823.30676]
 
822. Float32[27.943787, 3526.5967, -0.7109567]
   Float32[194.9404, 1751.1775]
 
823. Float32[64.65765, 2516.936, -1.9372708]
   Float32[174.9033, 1279.2101]
 
824. Float32[-65.31204, 1871.351, -0.5985583]
   Float32[67.893234, 916.957]
 
825. Float32[-73.13342, -91.4673, -0.9972626]
   Float32[-20.932213, -52.73981]
 
826. Float32[268.0219, 3849.771, -1.9980378]
   Float32[228.09361, 1972.5403]
 
827. Float32[-371.18823, 2517.7825, -0.20772684]
   Float32[91.3476, 1173.5105]
 
828. Float32[87.70575, 1183.9729, -1.8944545]
   Float32[91.225235, 587.0923]
 
829. Float32[-472.4505, 3260.3083, -1.5076741]
   Float32[130.68216, 1518.9901]
 
830. Float32[257.15393, 3044.7754, -0.6641629]
   Float32[211.19928, 1548.8322]
 
831. Float32[-279.52393, 710.9996, -0.23444664]
   Float32[-4.8504443, 291.36438]
 
832. Float32[227.5487, 3037.2246, -0.49756777]
   Float32[196.10995, 1577.6549]
 
833. Float32[422.31458, 744.214, -0.45317137]
   Float32[116.58678, 460.11685]
 
834. Float32[26.859009, 3277.5193, -1.0294421]
   Float32[181.22087, 1666.0382]
 
835. Float32[-477.36554, 2206.4265, -0.49246323]
   Float32[72.25894, 996.04474]
 
836. Float32[247.5755, 1160.7235, -1.092889]
   Float32[103.66687, 624.83136]
 
837. Float32[162.79279, 4747.05, -0.8369355]
   Float32[215.27466, 2430.028]
 
838. Float32[-157.38458, 1282.5458, -0.61611605]
   Float32[24.248484, 593.42377]
 
839. Float32[-241.70059, 3588.3953, -0.65092254]
   Float32[174.98029, 1734.8706]
 
840. Float32[21.908875, 3128.0405, -0.05361986]
   Float32[132.92265, 1590.4557]
 
841. Float32[-306.18298, 4145.571, -1.2082556]
   Float32[218.88847, 1995.779]
 
842. Float32[468.4743, 2799.344, -1.9060197]
   Float32[209.38898, 1488.7446]
 
843. Float32[134.19928, 4670.71, -1.6937703]
   Float32[240.93375, 2341.3425]
 
844. Float32[-45.007355, 1336.5923, -0.6802864]
   Float32[79.65889, 670.48566]
 
845. Float32[269.56433, 297.8312, -0.5313873]
   Float32[47.093082, 190.62419]
 
846. Float32[406.95752, 2525.7832, -0.16849649]
   Float32[181.52174, 1322.1755]
 
847. Float32[497.99445, 3965.8865, -0.18985987]
   Float32[286.61737, 2093.304]
 
848. Float32[-325.06726, 4684.892, -0.49737906]
   Float32[178.85046, 2284.2812]
 
849. Float32[-271.57712, 4576.476, -0.2701925]
   Float32[221.87973, 2257.2048]
 
850. Float32[96.525085, 2170.871, -0.8610983]
   Float32[78.615776, 1115.2025]
 
851. Float32[-344.66852, 4785.105, -1.1371571]
   Float32[250.53986, 2318.6218]
 
852. Float32[390.63, 933.6312, -1.7293547]
   Float32[35.477497, 530.2245]
 
853. Float32[-275.07626, 2043.2615, -0.91155636]
   Float32[60.291576, 942.3183]
 
854. Float32[-335.11542, 4138.336, -0.40457368]
   Float32[213.6645, 1981.3007]
 
855. Float32[429.72516, 1333.379, -0.31777537]
   Float32[147.45667, 743.33685]
 
856. Float32[-349.35355, 4874.646, -0.3934461]
   Float32[243.41943, 2364.6494]
 
857. Float32[-393.9099, 4737.875, -0.69281614]
   Float32[157.94945, 2299.1067]
 
858. Float32[172.22687, 3960.6091, -0.9244406]
   Float32[205.03638, 2024.3258]
 
859. Float32[-61.472595, 2958.9468, -0.42417562]
   Float32[151.79211, 1468.0481]
 
860. Float32[-377.86008, 3061.902, -1.0863434]
   Float32[136.29613, 1439.0286]
 
861. Float32[-228.11234, 2276.3376, -0.7095187]
   Float32[126.03134, 1104.183]
 
862. Float32[-301.17404, 2434.0608, -0.024992228]
   Float32[86.090775, 1165.985]
 
863. Float32[144.65613, 2164.0452, -0.99822736]
   Float32[138.24252, 1113.8427]
 
864. Float32[100.81561, 604.11475, -1.4111037]
   Float32[54.195553, 339.253]
 
865. Float32[-407.21143, 230.39569, -1.5904369]
   Float32[14.250422, 28.527838]
 
866. Float32[66.76135, 4808.625, -0.0054769516]
   Float32[204.6662, 2425.9165]
 
867. Float32[92.57263, 2630.4685, -0.92395806]
   Float32[128.9855, 1316.053]
 
868. Float32[216.98083, 2416.2024, -1.1592351]
   Float32[148.81871, 1265.925]
 
869. Float32[-91.522705, 302.1883, -1.2666643]
   Float32[-14.402275, 123.21748]
 
870. Float32[-270.37463, 1286.7229, -1.1495645]
   Float32[2.889759, 578.17285]
 
871. Float32[306.03217, 1007.35986, -0.029540539]
   Float32[49.92475, 566.5709]
 
872. Float32[-387.82733, 2904.1077, -1.0674094]
   Float32[151.18666, 1363.0942]
 
873. Float32[53.270264, 2840.8975, -1.4797148]
   Float32[155.12918, 1437.9426]
 
874. Float32[-376.6023, 946.4889, -0.48563027]
   Float32[41.841324, 404.97778]
 
875. Float32[150.57068, 4494.0747, -0.5298203]
   Float32[287.1311, 2285.6855]
 
876. Float32[338.8437, 3584.3242, -1.3619866]
   Float32[258.90808, 1858.3839]
 
877. Float32[366.75824, 2696.6843, -0.9296136]
   Float32[146.00671, 1433.5664]
 
878. Float32[-18.32373, 3836.4587, -1.7673119]
   Float32[166.04878, 1889.1924]
 
879. Float32[336.53998, 2259.7717, -0.56761074]
   Float32[184.5079, 1217.6152]
 
880. Float32[-50.788757, 3418.9744, -0.04750514]
   Float32[155.11058, 1692.5797]
 
881. Float32[-168.42102, 3167.271, -0.92227674]
   Float32[112.057655, 1539.4734]
 
882. Float32[302.51642, 4595.959, -1.1137375]
   Float32[266.36633, 2358.2502]
 
883. Float32[26.117798, 3375.9688, -1.812061]
   Float32[209.73145, 1668.1404]
 
884. Float32[-267.71997, 4629.864, -0.5491439]
   Float32[222.37769, 2252.2378]
 
885. Float32[-333.15665, 4521.276, -0.95548356]
   Float32[172.98222, 2192.056]
 
886. Float32[-419.31354, 490.79706, -1.2248704]
   Float32[-57.91535, 175.70233]
 
887. Float32[106.70154, 2844.2085, -1.1519887]
   Float32[175.42374, 1423.2908]
 
888. Float32[441.25134, 2657.485, -1.1325127]
   Float32[135.02872, 1418.7833]
 
889. Float32[-90.4299, 681.6821, -1.5318639]
   Float32[40.095383, 327.39438]
 
890. Float32[-268.39078, 24.816895, -0.21433055]
   Float32[16.645132, -31.437702]
 
891. Float32[175.185, 453.10547, -1.4314065]
   Float32[7.5431767, 263.33652]
 
892. Float32[174.27771, 2575.6826, -1.6181154]
   Float32[159.28278, 1331.8877]
 
893. Float32[-270.71204, 4569.4277, -0.5063559]
   Float32[205.56049, 2221.8862]
 
894. Float32[292.66425, 862.2395, -0.06335974]
   Float32[32.406994, 474.24377]
 
895. Float32[-333.56995, 586.4345, -1.7697765]
   Float32[22.438728, 229.05511]
 
896. Float32[-196.5853, 1930.1029, -0.020566106]
   Float32[34.53714, 933.25244]
 
897. Float32[-17.243988, 3030.1938, -0.41359937]
   Float32[197.1257, 1501.3285]
 
898. Float32[59.581787, 2147.2063, -0.06600344]
   Float32[140.6562, 1102.6509]
 
899. Float32[-31.416656, 4067.8042, -1.6610773]
   Float32[160.50188, 2022.8865]
 
900. Float32[-76.03897, 3968.255, -0.24399388]
   Float32[227.53102, 1980.6416]
 
901. Float32[-288.71405, 334.9601, -0.76635075]
   Float32[9.160657, 125.49876]
 
902. Float32[289.3911, 1436.9893, -0.3588978]
   Float32[88.08766, 781.6424]
 
903. Float32[-247.3073, 3727.4146, -0.1708436]
   Float32[152.80824, 1836.1245]
 
904. Float32[183.90814, 2664.3118, -0.17964983]
   Float32[102.38017, 1384.1665]
 
905. Float32[45.407288, 2650.5793, -1.427203]
   Float32[132.96707, 1354.3174]
 
906. Float32[288.44623, 947.47327, -1.005297]
   Float32[58.09836, 508.06116]
 
907. Float32[243.41815, 1676.9429, -0.9761491]
   Float32[81.34652, 902.07874]
 
908. Float32[-458.17746, 3587.8562, -1.2038656]
   Float32[97.25212, 1712.0983]
 
909. Float32[-199.20856, 674.36835, -1.3220624]
   Float32[-8.568954, 287.539]
 
910. Float32[-434.3759, 1602.2804, -0.042749047]
   Float32[49.504467, 717.13605]
 
911. Float32[113.915344, 2991.8672, -0.5929444]
   Float32[121.60868, 1493.6493]
 
912. Float32[91.079895, 4085.4863, -0.35456514]
   Float32[183.37311, 2075.1152]
 
913. Float32[343.83002, 3098.2654, -1.7195184]
   Float32[165.5971, 1608.6486]
 
914. Float32[-449.87775, 2492.2544, -0.5509752]
   Float32[64.848785, 1174.7368]
 
915. Float32[420.15698, 2988.5515, -0.89100933]
   Float32[203.1525, 1553.8088]
 
916. Float32[122.06268, 3659.7603, -1.7350856]
   Float32[154.93874, 1856.7946]
 
917. Float32[-214.34195, 2255.7705, -0.45725787]
   Float32[118.960045, 1107.1956]
 
918. Float32[222.26324, 4897.001, -1.3211894]
   Float32[313.256, 2469.7876]
 
919. Float32[-329.79272, 465.6573, -1.1503745]
   Float32[-25.155998, 177.06079]
 
920. Float32[-341.32898, 4303.2217, -1.8110499]
   Float32[199.97278, 2091.5508]
 
921. Float32[483.05402, 1819.2385, -1.279321]
   Float32[122.4989, 981.2443]
 
922. Float32[-262.26343, 278.91656, -0.2150011]
   Float32[-27.399858, 84.47528]
 
923. Float32[493.4508, 299.7198, -0.5923575]
   Float32[20.839489, 239.64514]
 
924. Float32[-205.17676, 2025.648, -0.59581983]
   Float32[106.194046, 965.204]
 
925. Float32[-426.67807, 4065.084, -1.9854802]
   Float32[135.64372, 1943.3341]
 
926. Float32[-114.2106, 4775.436, -1.225372]
   Float32[179.4004, 2366.0107]
 
927. Float32[-104.915924, 3691.457, -0.91967547]
   Float32[135.07932, 1845.2269]
 
928. Float32[185.12634, 1998.5559, -1.5906993]
   Float32[78.36623, 1019.29504]
 
929. Float32[-80.14984, 2413.4795, -1.8429382]
   Float32[108.611084, 1178.862]
 
930. Float32[346.26123, 3111.681, -0.21608484]
   Float32[188.18845, 1639.6799]
 
931. Float32[348.3271, 4387.361, -0.5961002]
   Float32[239.42374, 2262.1501]
 
932. Float32[38.810974, 2476.7083, -0.7527064]
   Float32[170.6131, 1263.3064]
 
933. Float32[202.57886, 2868.0208, -1.7525203]
   Float32[175.90251, 1486.7096]
 
934. Float32[-424.21533, 3948.8486, -0.70002544]
   Float32[123.8642, 1902.3204]
 
935. Float32[-37.509277, 2132.906, -1.8554717]
   Float32[102.358185, 1038.3462]
 
936. Float32[-189.23074, 1633.8783, -0.6071727]
   Float32[36.14081, 774.2919]
 
937. Float32[365.20715, 789.71106, -1.2682513]
   Float32[83.88722, 474.34427]
 
938. Float32[74.50311, 4235.2812, -1.3969498]
   Float32[206.19495, 2112.3677]
 
939. Float32[-93.91028, 1476.247, -1.7940577]
   Float32[86.4194, 696.89813]
 
940. Float32[-162.81271, 166.19644, -0.044130683]
   Float32[36.278873, 62.16285]
 
941. Float32[-353.87598, 43.94879, -0.41231036]
   Float32[13.310696, -34.087833]
 
942. Float32[87.71442, 2498.1814, -1.63892]
   Float32[157.60562, 1243.4005]
 
943. Float32[288.6714, 2961.0845, -0.8592957]
   Float32[210.87346, 1518.7621]
 
944. Float32[-64.2215, 78.45064, -1.8467857]
   Float32[-27.909943, 32.126762]
 
945. Float32[484.59747, 171.76886, -1.5171897]
   Float32[50.751556, 205.83766]
 
946. Float32[100.1181, 2596.865, -0.035042882]
   Float32[100.40418, 1306.3892]
 
947. Float32[-365.2677, 289.7047, -0.5717913]
   Float32[-53.542892, 50.69708]
 
948. Float32[-83.676575, 828.5861, -0.82585514]
   Float32[58.12573, 393.04614]
 
949. Float32[417.4317, 4343.2036, -0.95484483]
   Float32[230.9229, 2256.5356]
 
950. Float32[49.167664, 2419.8977, -1.474489]
   Float32[88.85464, 1238.0527]
 
951. Float32[-431.78497, 910.7818, -1.0963154]
   Float32[-21.60968, 387.37936]
 
952. Float32[-201.02841, 4725.262, -1.409826]
   Float32[241.44519, 2330.7976]
 
953. Float32[-16.804565, 1755.3713, -1.2754583]
   Float32[80.213264, 857.3866]
 
954. Float32[313.1341, 951.881, -0.5536821]
   Float32[75.605804, 555.5464]
 
955. Float32[-64.12958, 4556.742, -1.9710816]
   Float32[237.0501, 2239.9556]
 
956. Float32[77.77045, 402.9741, -1.1320105]
   Float32[7.0199146, 211.5292]
 
957. Float32[208.92847, 2913.1772, -0.17201829]
   Float32[214.24136, 1491.6074]
 
958. Float32[-154.29025, 285.3911, -1.5397512]
   Float32[-14.314701, 121.01155]
 
959. Float32[-11.17337, 621.5533, -1.2601665]
   Float32[-14.3149185, 319.78897]
 
960. Float32[-130.65125, 4012.957, -1.294945]
   Float32[174.43768, 1980.4406]
 
961. Float32[164.32098, 1685.7936, -1.467132]
   Float32[132.10188, 852.28204]
 
962. Float32[339.70508, 4809.382, -0.4982196]
   Float32[240.80045, 2464.4094]
 
963. Float32[327.9895, 3562.371, -0.5911019]
   Float32[211.47153, 1834.6788]
 
964. Float32[284.96716, 2600.2805, -1.0861405]
   Float32[147.89925, 1369.0282]
 
965. Float32[293.97375, 1870.6044, -0.6650268]
   Float32[140.82242, 998.43207]
 
966. Float32[482.70374, 2911.3728, -0.02084744]
   Float32[158.62576, 1560.1187]
 
967. Float32[-383.4532, 4647.227, -0.78208745]
   Float32[235.01672, 2267.8977]
 
968. Float32[480.15765, 3630.983, -1.0585996]
   Float32[241.73152, 1922.2188]
 
969. Float32[-344.10016, 4169.8545, -0.23775578]
   Float32[129.61705, 1991.5504]
 
970. Float32[111.8385, 3008.803, -0.78106487]
   Float32[114.75657, 1511.2653]
 
971. Float32[-382.2575, 1123.8374, -0.9211991]
   Float32[7.474369, 497.23947]
 
972. Float32[59.974182, 1219.1622, -0.6832733]
   Float32[69.1688, 619.9357]
 
973. Float32[-1.1339722, 2460.5771, -1.3506364]
   Float32[88.13913, 1218.4226]
 
974. Float32[-157.53479, 706.45355, -0.67331696]
   Float32[-11.2750225, 326.77948]
 
975. Float32[-311.44366, 4304.9146, -1.3831706]
   Float32[184.81631, 2082.7832]
 
976. Float32[-464.8614, 573.1984, -0.3230735]
   Float32[-65.745544, 195.55432]
 
977. Float32[-149.54288, 4106.0356, -1.5910902]
   Float32[234.45605, 2023.1655]
 
978. Float32[273.97308, 4825.662, -0.98142576]
   Float32[305.14697, 2463.313]
 
979. Float32[-304.6199, 819.3772, -1.4944707]
   Float32[29.782398, 361.94345]
 
980. Float32[485.828, 3031.0427, -1.5527532]
   Float32[234.13016, 1615.605]
 
981. Float32[33.829895, 2921.443, -1.5510907]
   Float32[174.17691, 1481.9988]
 
982. Float32[-461.77786, 129.97856, -1.8315027]
   Float32[-76.60268, -45.67274]
 
983. Float32[421.04987, 3476.3997, -1.3467743]
   Float32[198.58557, 1800.2253]
 
984. Float32[-289.41113, 1703.5763, -0.7212701]
   Float32[30.467352, 784.6905]
 
985. Float32[-127.019165, 820.81635, -0.4970466]
   Float32[-20.55524, 369.7723]
 
986. Float32[-96.46912, 2254.592, -1.4442431]
   Float32[122.079834, 1130.5758]
 
987. Float32[-252.29472, 2871.8096, -0.11133909]
   Float32[152.898, 1383.0498]
 
988. Float32[10.583588, 3874.2812, -1.5673211]
   Float32[237.30177, 1952.7943]
 
989. Float32[372.36578, 651.32666, -0.2778833]
   Float32[55.300278, 424.57452]
 
990. Float32[37.582153, 4509.2188, -0.19141555]
   Float32[202.52869, 2264.3787]
 
991. Float32[-129.27115, 3805.0757, -0.52359223]
   Float32[226.72299, 1877.4445]
 
992. Float32[-249.82768, 776.6833, -0.506708]
   Float32[53.362335, 337.6666]
 
993. Float32[-278.8096, 4291.5127, -1.5558847]
   Float32[188.51456, 2064.8635]
 
994. Float32[-425.57465, 28.110641, -1.2222251]
   Float32[-1.8220711, -63.452835]
 
995. Float32[99.96948, 2228.0444, -1.4487158]
   Float32[133.87735, 1154.8273]
 
996. Float32[8.731201, 467.77063, -0.2918656]
   Float32[-19.85463, 235.6146]
 
997. Float32[-242.6701, 2515.016, -0.3968439]
   Float32[144.87491, 1232.5925]
 
998. Float32[-140.86569, 765.0753, -1.768629]
   Float32[33.18693, 368.59756]
 
999. Float32[-221.62479, 1902.5184, -1.3639692]
   Float32[37.471504, 917.93176]
 
1000. Float32[465.8863, 4346.396, -1.6756779]
   Float32[273.03403, 2251.4163]
 
